#Layer_Color=32768
#
#Feature symbol names
#
$0 r3.937

#
#Feature attribute names
#

#
#Layer features
#
L 0 0.1803149 0 0.219685 0 P 0
L 0 0.3103149 0 0.349685 0 P 0
L 0 0.7303149 0 0.769685 0 P 0
L -0.019685 0.2 0.0196851 0.2 0 P 0
L -0.019685 0.7499999 0.019685 0.7499999 0 P 0
L -0.0196851 0.33 0.019685 0.33 0 P 0
L 0.065 0.425 0.065 0.58 0 P 0
L -0.065 0.425 -0.065 0.58 0 P 0
L 0.065 0.425 0.135 0.425 0 P 0
L 0.065 0.58 0.135 0.58 0 P 0
L 0.065 0.625 0.065 0.78 0 P 0
L -0.065 0.625 -0.065 0.78 0 P 0
L 0.065 0.625 0.135 0.625 0 P 0
L 0.065 0.78 0.135 0.78 0 P 0
L -0.0688976 0.1232283 -0.0688976 0.2767716 0 P 0
L -0.0688976 0.1232283 0.0688977 0.1232283 0 P 0
L 0.0688976 0.2532283 0.0688976 0.4067716 0 P 0
L -0.0688976 0.2767716 0.0688977 0.2767716 0 P 0
L 0.0688977 0.1232283 0.0688977 0.2767716 0 P 0
L -0.0688977 0.2532283 0.0688976 0.2532283 0 P 0
L -0.0688977 0.2532283 -0.0688977 0.4067716 0 P 0
L -0.0688977 0.4067716 0.0688976 0.4067716 0 P 0
L -0.0725983 0.1411023 -0.0725983 0.2788976 0 P 0
L 0.0725983 0.1411024 0.0725983 0.2788977 0 P 0
L 0.0725983 0.1411024 0.1474014 0.1411024 0 P 0
L 0.0725983 0.2788977 0.1474014 0.2788977 0 P 0
L 0.080315 0.5 0.1196851 0.5 0 P 0
L 0.080315 0.7 0.1196851 0.7 0 P 0
L 0.0903148 0.2100001 0.1296849 0.2100001 0 P 0
L 0.1 0.4803149 0.1 0.519685 0 P 0
L -0.1 0.4803149 -0.1 0.519685 0 P 0
L -0.1 0.6803149 -0.1 0.719685 0 P 0
L 0.1 0.6803149 0.1 0.719685 0 P 0
L -0.1099999 0.1903149 -0.1099999 0.229685 0 P 0
L 0.1099999 0.190315 0.1099999 0.2296851 0 P 0
L -0.119685 0.5 -0.0803149 0.5 0 P 0
L -0.119685 0.7 -0.0803149 0.7 0 P 0
L -0.1296849 0.2099999 -0.0903148 0.2099999 0 P 0
L -0.135 0.425 -0.065 0.425 0 P 0
L 0.135 0.425 0.135 0.58 0 P 0
L -0.135 0.425 -0.135 0.58 0 P 0
L -0.135 0.58 -0.065 0.58 0 P 0
L -0.135 0.625 -0.065 0.625 0 P 0
L 0.135 0.625 0.135 0.78 0 P 0
L -0.135 0.625 -0.135 0.78 0 P 0
L -0.135 0.78 -0.065 0.78 0 P 0
L -0.1474014 0.1411023 -0.0725983 0.1411023 0 P 0
L -0.1474014 0.1411023 -0.1474014 0.2788976 0 P 0
L 0.1474014 0.1411024 0.1474014 0.2788977 0 P 0
L -0.1474014 0.2788976 -0.0725983 0.2788976 0 P 0
L -0.2106299 0.5629921 0.2106299 0.5629921 0 P 0
L 0.2106299 0.5629921 0.2106299 0.9370078 0 P 0
L -0.2106299 0.5629921 -0.2106299 0.9370078 0 P 0
L -0.2106299 0.9370078 0.2106299 0.9370078 0 P 0
L -0.2411023 0.8032283 -0.2411023 0.9567716 0 P 0
L 0.2411024 0.8032283 0.2411024 0.9567716 0 P 0
L 0.2411024 0.8032283 0.3788977 0.8032283 0 P 0
L 0.2411024 0.9567716 0.3788977 0.9567716 0 P 0
L 0.265 0.225 0.265 0.38 0 P 0
L -0.265 0.225 -0.265 0.38 0 P 0
L 0.265 0.225 0.335 0.225 0 P 0
L 0.265 0.38 0.335 0.38 0 P 0
L 0.265 0.425 0.265 0.58 0 P 0
L -0.265 0.425 -0.265 0.58 0 P 0
L 0.265 0.425 0.335 0.425 0 P 0
L 0.265 0.58 0.335 0.58 0 P 0
L 0.265 0.625 0.265 0.78 0 P 0
L -0.265 0.625 -0.265 0.78 0 P 0
L 0.265 0.625 0.335 0.625 0 P 0
L 0.265 0.78 0.335 0.78 0 P 0
L 0.280315 0.3 0.3196851 0.3 0 P 0
L 0.280315 0.5 0.3196851 0.5 0 P 0
L 0.280315 0.7 0.3196851 0.7 0 P 0
L 0.290315 0.88 0.3296851 0.88 0 P 0
L 0.3 0.2803149 0.3 0.319685 0 P 0
L -0.3 0.2803149 -0.3 0.319685 0 P 0
L 0.3 0.4803149 0.3 0.519685 0 P 0
L -0.3 0.4803149 -0.3 0.519685 0 P 0
L 0.3 0.6803149 0.3 0.719685 0 P 0
L -0.3 0.6803149 -0.3 0.719685 0 P 0
L -0.31 0.8603149 -0.31 0.899685 0 P 0
L 0.31 0.8603149 0.31 0.899685 0 P 0
L -0.319685 0.3 -0.2803149 0.3 0 P 0
L -0.319685 0.5 -0.2803149 0.5 0 P 0
L -0.319685 0.7 -0.2803149 0.7 0 P 0
L -0.329685 0.88 -0.2903149 0.88 0 P 0
L -0.335 0.225 -0.265 0.225 0 P 0
L 0.335 0.225 0.335 0.38 0 P 0
L -0.335 0.225 -0.335 0.38 0 P 0
L -0.335 0.38 -0.265 0.38 0 P 0
L -0.335 0.425 -0.265 0.425 0 P 0
L 0.335 0.425 0.335 0.58 0 P 0
L -0.335 0.425 -0.335 0.58 0 P 0
L -0.335 0.58 -0.265 0.58 0 P 0
L -0.335 0.625 -0.265 0.625 0 P 0
L 0.335 0.625 0.335 0.78 0 P 0
L -0.335 0.625 -0.335 0.78 0 P 0
L -0.335 0.78 -0.265 0.78 0 P 0
L 0.3625983 0.3561024 0.3625983 0.4938977 0 P 0
L 0.3625983 0.3561024 0.4374014 0.3561024 0 P 0
L 0.3625983 0.4938977 0.4374014 0.4938977 0 P 0
L -0.3625986 0.3561024 -0.3625986 0.4938977 0 P 0
L 0.3625986 0.5511023 0.3625986 0.6888976 0 P 0
L 0.3625986 0.5511023 0.4374017 0.5511023 0 P 0
L -0.3625986 0.5511024 -0.3625986 0.6888977 0 P 0
L 0.3625986 0.6888976 0.4374017 0.6888976 0 P 0
L -0.3788976 0.8032283 -0.2411023 0.8032283 0 P 0
L -0.3788976 0.8032283 -0.3788976 0.9567716 0 P 0
L -0.3788976 0.9567716 -0.2411023 0.9567716 0 P 0
L 0.3788977 0.8032283 0.3788977 0.9567716 0 P 0
L 0.3803148 0.4250001 0.4196849 0.4250001 0 P 0
L 0.3803151 0.6199999 0.4196852 0.6199999 0 P 0
L 0.3825983 0.8311024 0.3825983 0.9688977 0 P 0
L 0.3825983 0.8311024 0.4574014 0.8311024 0 P 0
L 0.3825983 0.9688977 0.4574014 0.9688977 0 P 0
L -0.3825986 0.8311024 -0.3825986 0.9688977 0 P 0
L 0.3999999 0.405315 0.3999999 0.4446851 0 P 0
L -0.4000001 0.405315 -0.4000001 0.4446851 0 P 0
L 0.4000001 0.6003149 0.4000001 0.639685 0 P 0
L -0.4000001 0.600315 -0.4000001 0.6396851 0 P 0
L 0.4003148 0.9000001 0.4396849 0.9000001 0 P 0
L -0.4196852 0.4250001 -0.3803151 0.4250001 0 P 0
L -0.4196852 0.6200001 -0.3803151 0.6200001 0 P 0
L 0.4199999 0.880315 0.4199999 0.9196851 0 P 0
L -0.4200001 0.880315 -0.4200001 0.9196851 0 P 0
L 0.4374014 0.3561024 0.4374014 0.4938977 0 P 0
L -0.4374017 0.3561024 -0.3625986 0.3561024 0 P 0
L -0.4374017 0.3561024 -0.4374017 0.4938977 0 P 0
L -0.4374017 0.4938977 -0.3625986 0.4938977 0 P 0
L 0.4374017 0.5511023 0.4374017 0.6888976 0 P 0
L -0.4374017 0.5511024 -0.3625986 0.5511024 0 P 0
L -0.4374017 0.5511024 -0.4374017 0.6888977 0 P 0
L -0.4374017 0.6888977 -0.3625986 0.6888977 0 P 0
L -0.4396852 0.9000001 -0.4003151 0.9000001 0 P 0
L 0.4574014 0.8311024 0.4574014 0.9688977 0 P 0
L -0.4574017 0.8311024 -0.3825986 0.8311024 0 P 0
L -0.4574017 0.8311024 -0.4574017 0.9688977 0 P 0
L -0.4574017 0.9688977 -0.3825986 0.9688977 0 P 0
L -0.465 0.225 -0.465 0.38 0 P 0
L 0.465 0.225 0.465 0.38 0 P 0
L 0.465 0.225 0.535 0.225 0 P 0
L 0.465 0.38 0.535 0.38 0 P 0
L -0.465 0.425 -0.465 0.58 0 P 0
L 0.465 0.425 0.465 0.58 0 P 0
L 0.465 0.425 0.535 0.425 0 P 0
L 0.465 0.58 0.535 0.58 0 P 0
L -0.465 0.625 -0.465 0.78 0 P 0
L 0.465 0.625 0.465 0.78 0 P 0
L 0.465 0.625 0.535 0.625 0 P 0
L 0.465 0.78 0.535 0.78 0 P 0
L 0.480315 0.3 0.5196851 0.3 0 P 0
L 0.480315 0.5 0.5196851 0.5 0 P 0
L 0.480315 0.7 0.5196851 0.7 0 P 0
L -0.4825986 0.8311024 -0.4825986 0.9688977 0 P 0
L -0.5 0.2803149 -0.5 0.319685 0 P 0
L 0.5 0.2803149 0.5 0.319685 0 P 0
L -0.5 0.4803149 -0.5 0.519685 0 P 0
L 0.5 0.4803149 0.5 0.519685 0 P 0
L -0.5 0.6803149 -0.5 0.719685 0 P 0
L 0.5 0.6803149 0.5 0.719685 0 P 0
L -0.519685 0.3 -0.4803149 0.3 0 P 0
L -0.519685 0.5 -0.4803149 0.5 0 P 0
L -0.519685 0.7 -0.4803149 0.7 0 P 0
L -0.5200001 0.880315 -0.5200001 0.9196851 0 P 0
L -0.535 0.225 -0.465 0.225 0 P 0
L -0.535 0.225 -0.535 0.38 0 P 0
L 0.535 0.225 0.535 0.38 0 P 0
L -0.535 0.38 -0.465 0.38 0 P 0
L -0.535 0.425 -0.465 0.425 0 P 0
L -0.535 0.425 -0.535 0.58 0 P 0
L 0.535 0.425 0.535 0.58 0 P 0
L -0.535 0.58 -0.465 0.58 0 P 0
L -0.535 0.625 -0.465 0.625 0 P 0
L -0.535 0.625 -0.535 0.78 0 P 0
L 0.535 0.625 0.535 0.78 0 P 0
L -0.535 0.78 -0.465 0.78 0 P 0
L -0.5396852 0.9000001 -0.5003151 0.9000001 0 P 0
L -0.5574017 0.8311024 -0.4825986 0.8311024 0 P 0
L -0.5574017 0.8311024 -0.5574017 0.9688977 0 P 0
L -0.5574017 0.9688977 -0.4825986 0.9688977 0 P 0
L 0.6625983 0.8311024 0.6625983 0.9688977 0 P 0
L 0.6625983 0.8311024 0.7374014 0.8311024 0 P 0
L 0.6625983 0.9688977 0.7374014 0.9688977 0 P 0
L -0.6625986 0.8311024 -0.6625986 0.9688977 0 P 0
L 0.665 -0.02 0.735 -0.02 0 P 0
L -0.665 0.025 -0.665 0.18 0 P 0
L 0.665 0.025 0.665 0.18 0 P 0
L 0.665 0.025 0.735 0.025 0 P 0
L -0.665 -0.175 -0.665 -0.02 0 P 0
L 0.665 -0.175 0.665 -0.02 0 P 0
L 0.665 -0.175 0.735 -0.175 0 P 0
L 0.665 0.18 0.735 0.18 0 P 0
L 0.665 -0.22 0.735 -0.22 0 P 0
L -0.665 0.225 -0.665 0.38 0 P 0
L 0.665 0.225 0.665 0.38 0 P 0
L 0.665 0.225 0.735 0.225 0 P 0
L -0.665 -0.375 -0.665 -0.22 0 P 0
L 0.665 -0.375 0.665 -0.22 0 P 0
L 0.665 -0.375 0.735 -0.375 0 P 0
L 0.665 0.38 0.735 0.38 0 P 0
L 0.665 -0.42 0.735 -0.42 0 P 0
L 0.665 0.425 0.665 0.58 0 P 0
L -0.665 0.425 -0.665 0.58 0 P 0
L 0.665 0.425 0.735 0.425 0 P 0
L -0.665 -0.575 -0.665 -0.42 0 P 0
L 0.665 -0.575 0.665 -0.42 0 P 0
L 0.665 -0.575 0.735 -0.575 0 P 0
L 0.665 0.58 0.735 0.58 0 P 0
L 0.665 -0.62 0.735 -0.62 0 P 0
L 0.665 0.625 0.665 0.78 0 P 0
L -0.665 0.625 -0.665 0.78 0 P 0
L 0.665 0.625 0.735 0.625 0 P 0
L -0.665 -0.775 -0.665 -0.62 0 P 0
L 0.665 -0.775 0.665 -0.62 0 P 0
L 0.665 -0.775 0.735 -0.775 0 P 0
L 0.665 0.78 0.735 0.78 0 P 0
L 0.6803148 0.9000001 0.7196849 0.9000001 0 P 0
L 0.680315 0.1 0.7196851 0.1 0 P 0
L 0.680315 -0.1 0.7196851 -0.1 0 P 0
L 0.680315 0.3 0.7196851 0.3 0 P 0
L 0.680315 -0.3 0.7196851 -0.3 0 P 0
L 0.680315 0.5 0.7196851 0.5 0 P 0
L 0.680315 -0.5 0.7196851 -0.5 0 P 0
L 0.680315 0.7 0.7196851 0.7 0 P 0
L 0.680315 -0.7 0.7196851 -0.7 0 P 0
L 0.6999999 0.880315 0.6999999 0.9196851 0 P 0
L -0.7 0.0803149 -0.7 0.119685 0 P 0
L 0.7 0.0803149 0.7 0.119685 0 P 0
L -0.7 -0.1196851 -0.7 -0.080315 0 P 0
L 0.7 -0.1196851 0.7 -0.080315 0 P 0
L -0.7 0.2803149 -0.7 0.319685 0 P 0
L 0.7 0.2803149 0.7 0.319685 0 P 0
L -0.7 -0.3196851 -0.7 -0.280315 0 P 0
L 0.7 -0.3196851 0.7 -0.280315 0 P 0
L 0.7 0.4803149 0.7 0.519685 0 P 0
L -0.7 0.4803149 -0.7 0.519685 0 P 0
L -0.7 -0.5196851 -0.7 -0.480315 0 P 0
L 0.7 -0.5196851 0.7 -0.480315 0 P 0
L 0.7 0.6803149 0.7 0.719685 0 P 0
L -0.7 0.6803149 -0.7 0.719685 0 P 0
L -0.7 -0.7196851 -0.7 -0.680315 0 P 0
L 0.7 -0.7196851 0.7 -0.680315 0 P 0
L -0.7000001 0.880315 -0.7000001 0.9196851 0 P 0
L -0.719685 0.1 -0.6803149 0.1 0 P 0
L -0.719685 -0.1 -0.6803149 -0.1 0 P 0
L -0.719685 0.3 -0.6803149 0.3 0 P 0
L -0.719685 -0.3 -0.6803149 -0.3 0 P 0
L -0.719685 0.5 -0.6803149 0.5 0 P 0
L -0.719685 -0.5 -0.6803149 -0.5 0 P 0
L -0.719685 0.7 -0.6803149 0.7 0 P 0
L -0.719685 -0.7 -0.6803149 -0.7 0 P 0
L -0.7196852 0.9000001 -0.6803151 0.9000001 0 P 0
L -0.7311023 0.2315748 -0.7311023 0.4284252 0 P 0
L -0.735 -0.02 -0.665 -0.02 0 P 0
L -0.735 0.025 -0.665 0.025 0 P 0
L -0.735 0.025 -0.735 0.18 0 P 0
L 0.735 0.025 0.735 0.18 0 P 0
L -0.735 -0.175 -0.665 -0.175 0 P 0
L -0.735 -0.175 -0.735 -0.02 0 P 0
L 0.735 -0.175 0.735 -0.02 0 P 0
L -0.735 0.18 -0.665 0.18 0 P 0
L -0.735 -0.22 -0.665 -0.22 0 P 0
L -0.735 0.225 -0.665 0.225 0 P 0
L -0.735 0.225 -0.735 0.38 0 P 0
L 0.735 0.225 0.735 0.38 0 P 0
L -0.735 -0.375 -0.665 -0.375 0 P 0
L -0.735 -0.375 -0.735 -0.22 0 P 0
L 0.735 -0.375 0.735 -0.22 0 P 0
L -0.735 0.38 -0.665 0.38 0 P 0
L -0.735 -0.42 -0.665 -0.42 0 P 0
L -0.735 0.425 -0.665 0.425 0 P 0
L 0.735 0.425 0.735 0.58 0 P 0
L -0.735 0.425 -0.735 0.58 0 P 0
L -0.735 -0.575 -0.665 -0.575 0 P 0
L -0.735 -0.575 -0.735 -0.42 0 P 0
L 0.735 -0.575 0.735 -0.42 0 P 0
L -0.735 0.58 -0.665 0.58 0 P 0
L -0.735 -0.62 -0.665 -0.62 0 P 0
L -0.735 0.625 -0.665 0.625 0 P 0
L 0.735 0.625 0.735 0.78 0 P 0
L -0.735 0.625 -0.735 0.78 0 P 0
L -0.735 -0.775 -0.665 -0.775 0 P 0
L -0.735 -0.775 -0.735 -0.62 0 P 0
L 0.735 -0.775 0.735 -0.62 0 P 0
L -0.735 0.78 -0.665 0.78 0 P 0
L 0.7374014 0.8311024 0.7374014 0.9688977 0 P 0
L -0.7374017 0.8311024 -0.6625986 0.8311024 0 P 0
L -0.7374017 0.8311024 -0.7374017 0.9688977 0 P 0
L -0.7374017 0.9688977 -0.6625986 0.9688977 0 P 0
L -0.7625986 0.8311024 -0.7625986 0.9688977 0 P 0
L -0.8 0.310315 -0.8 0.3496851 0 P 0
L -0.8000001 0.880315 -0.8000001 0.9196851 0 P 0
L -0.819685 0.33 -0.7803149 0.33 0 P 0
L -0.8196852 0.9000001 -0.7803151 0.9000001 0 P 0
L -0.8374017 0.8311024 -0.7625986 0.8311024 0 P 0
L -0.8374017 0.8311024 -0.8374017 0.9688977 0 P 0
L -0.8374017 0.9688977 -0.7625986 0.9688977 0 P 0
L 0.8625983 0.8311024 0.8625983 0.9688977 0 P 0
L 0.8625983 0.8311024 0.9374014 0.8311024 0 P 0
L 0.8625983 0.9688977 0.9374014 0.9688977 0 P 0
L -0.8625986 0.8311024 -0.8625986 0.9688977 0 P 0
L 0.865 -0.02 0.935 -0.02 0 P 0
L -0.865 0.025 -0.865 0.18 0 P 0
L 0.865 0.025 0.865 0.18 0 P 0
L 0.865 0.025 0.935 0.025 0 P 0
L 0.865 -0.175 0.865 -0.02 0 P 0
L -0.865 -0.175 -0.865 -0.02 0 P 0
L 0.865 -0.175 0.935 -0.175 0 P 0
L 0.865 0.18 0.935 0.18 0 P 0
L 0.865 -0.22 0.935 -0.22 0 P 0
L 0.865 0.225 0.865 0.38 0 P 0
L -0.865 0.225 -0.865 0.38 0 P 0
L 0.865 0.225 0.935 0.225 0 P 0
L -0.865 -0.375 -0.865 -0.22 0 P 0
L 0.865 -0.375 0.865 -0.22 0 P 0
L 0.865 -0.375 0.935 -0.375 0 P 0
L 0.865 0.38 0.935 0.38 0 P 0
L 0.865 -0.42 0.935 -0.42 0 P 0
L 0.865 0.425 0.865 0.58 0 P 0
L -0.865 0.425 -0.865 0.58 0 P 0
L 0.865 0.425 0.935 0.425 0 P 0
L -0.865 -0.575 -0.865 -0.42 0 P 0
L 0.865 -0.575 0.865 -0.42 0 P 0
L 0.865 -0.575 0.935 -0.575 0 P 0
L 0.865 0.58 0.935 0.58 0 P 0
L 0.865 -0.62 0.935 -0.62 0 P 0
L 0.865 0.625 0.865 0.78 0 P 0
L -0.865 0.625 -0.865 0.78 0 P 0
L 0.865 0.625 0.935 0.625 0 P 0
L -0.865 -0.775 -0.865 -0.62 0 P 0
L 0.865 -0.775 0.865 -0.62 0 P 0
L 0.865 -0.775 0.935 -0.775 0 P 0
L 0.865 0.78 0.935 0.78 0 P 0
L -0.8688976 0.2315748 -0.7311023 0.2315748 0 P 0
L -0.8688976 0.2315748 -0.8688976 0.4284252 0 P 0
L -0.8688976 0.4284252 -0.7311023 0.4284252 0 P 0
L 0.8803148 0.9000001 0.9196849 0.9000001 0 P 0
L 0.880315 0.1 0.9196851 0.1 0 P 0
L 0.880315 -0.1 0.9196851 -0.1 0 P 0
L 0.880315 0.3 0.9196851 0.3 0 P 0
L 0.880315 -0.3 0.9196851 -0.3 0 P 0
L 0.880315 0.5 0.9196851 0.5 0 P 0
L 0.880315 -0.5 0.9196851 -0.5 0 P 0
L 0.880315 0.7 0.9196851 0.7 0 P 0
L 0.880315 -0.7 0.9196851 -0.7 0 P 0
L -0.8811024 0.2125986 -0.8811024 0.2874017 0 P 0
L -0.8811024 0.2925986 -0.8811024 0.3674017 0 P 0
L -0.8811024 0.3725986 -0.8811024 0.4474017 0 P 0
L 0.8999999 0.880315 0.8999999 0.9196851 0 P 0
L -0.9 0.0803149 -0.9 0.119685 0 P 0
L 0.9 0.0803149 0.9 0.119685 0 P 0
L -0.9 -0.1196851 -0.9 -0.080315 0 P 0
L 0.9 -0.1196851 0.9 -0.080315 0 P 0
L 0.9 0.2803149 0.9 0.319685 0 P 0
L -0.9 0.2803149 -0.9 0.319685 0 P 0
L -0.9 -0.3196851 -0.9 -0.280315 0 P 0
L 0.9 -0.3196851 0.9 -0.280315 0 P 0
L 0.9 0.4803149 0.9 0.519685 0 P 0
L -0.9 0.4803149 -0.9 0.519685 0 P 0
L -0.9 -0.5196851 -0.9 -0.480315 0 P 0
L 0.9 -0.5196851 0.9 -0.480315 0 P 0
L 0.9 0.6803149 0.9 0.719685 0 P 0
L -0.9 0.6803149 -0.9 0.719685 0 P 0
L -0.9 -0.7196851 -0.9 -0.680315 0 P 0
L 0.9 -0.7196851 0.9 -0.680315 0 P 0
L -0.9000001 0.880315 -0.9000001 0.9196851 0 P 0
L -0.919685 0.1 -0.8803149 0.1 0 P 0
L -0.919685 -0.1 -0.8803149 -0.1 0 P 0
L -0.919685 -0.3 -0.8803149 -0.3 0 P 0
L -0.919685 0.3 -0.8803149 0.3 0 P 0
L -0.919685 0.5 -0.8803149 0.5 0 P 0
L -0.919685 -0.5 -0.8803149 -0.5 0 P 0
L -0.919685 0.7 -0.8803149 0.7 0 P 0
L -0.919685 -0.7 -0.8803149 -0.7 0 P 0
L -0.9196852 0.9000001 -0.8803151 0.9000001 0 P 0
L -0.935 -0.02 -0.865 -0.02 0 P 0
L -0.935 0.025 -0.865 0.025 0 P 0
L -0.935 0.025 -0.935 0.18 0 P 0
L 0.935 0.025 0.935 0.18 0 P 0
L -0.935 -0.175 -0.865 -0.175 0 P 0
L -0.935 -0.175 -0.935 -0.02 0 P 0
L 0.935 -0.175 0.935 -0.02 0 P 0
L -0.935 0.18 -0.865 0.18 0 P 0
L -0.935 -0.22 -0.865 -0.22 0 P 0
L -0.935 0.225 -0.865 0.225 0 P 0
L 0.935 0.225 0.935 0.38 0 P 0
L -0.935 0.225 -0.935 0.38 0 P 0
L -0.935 -0.375 -0.865 -0.375 0 P 0
L -0.935 -0.375 -0.935 -0.22 0 P 0
L 0.935 -0.375 0.935 -0.22 0 P 0
L -0.935 0.38 -0.865 0.38 0 P 0
L -0.935 -0.42 -0.865 -0.42 0 P 0
L -0.935 0.425 -0.865 0.425 0 P 0
L 0.935 0.425 0.935 0.58 0 P 0
L -0.935 0.425 -0.935 0.58 0 P 0
L -0.935 -0.575 -0.865 -0.575 0 P 0
L -0.935 -0.575 -0.935 -0.42 0 P 0
L 0.935 -0.575 0.935 -0.42 0 P 0
L -0.935 0.58 -0.865 0.58 0 P 0
L -0.935 -0.62 -0.865 -0.62 0 P 0
L -0.935 0.625 -0.865 0.625 0 P 0
L 0.935 0.625 0.935 0.78 0 P 0
L -0.935 0.625 -0.935 0.78 0 P 0
L -0.935 -0.775 -0.865 -0.775 0 P 0
L -0.935 -0.775 -0.935 -0.62 0 P 0
L 0.935 -0.775 0.935 -0.62 0 P 0
L -0.935 0.78 -0.865 0.78 0 P 0
L 0.9374014 0.8311024 0.9374014 0.9688977 0 P 0
L -0.9374017 0.8311024 -0.8625986 0.8311024 0 P 0
L -0.9374017 0.8311024 -0.9374017 0.9688977 0 P 0
L -0.9374017 0.9688977 -0.8625986 0.9688977 0 P 0
L 0.9425983 0.8311024 0.9425983 0.9688977 0 P 0
L 0.9425983 0.8311024 1.0174014 0.8311024 0 P 0
L 0.9425983 0.9688977 1.0174014 0.9688977 0 P 0
L -0.9500001 0.2303151 -0.9500001 0.2696852 0 P 0
L -0.9500001 0.3103151 -0.9500001 0.3496852 0 P 0
L -0.9500001 0.3903151 -0.9500001 0.4296852 0 P 0
L 0.9603148 0.9000001 0.9996849 0.9000001 0 P 0
L -0.9696851 0.2500001 -0.930315 0.2500001 0 P 0
L -0.9696851 0.3300001 -0.930315 0.3300001 0 P 0
L -0.9696851 0.4100001 -0.930315 0.4100001 0 P 0
L 0.9799999 0.880315 0.9799999 0.9196851 0 P 0
L -0.9893701 0.5629921 -0.9893701 0.9370078 0 P 0
L 0.9893701 0.5629921 0.9893701 0.9370078 0 P 0
L 0.9893701 0.5629921 1.4106299 0.5629921 0 P 0
L 0.9893701 0.9370078 1.4106299 0.9370078 0 P 0
L 1.0174014 0.8311024 1.0174014 0.9688977 0 P 0
L -1.0188977 0.2125986 -0.8811024 0.2125986 0 P 0
L -1.0188977 0.2125986 -1.0188977 0.2874017 0 P 0
L -1.0188977 0.2874017 -0.8811024 0.2874017 0 P 0
L -1.0188977 0.2925986 -0.8811024 0.2925986 0 P 0
L -1.0188977 0.2925986 -1.0188977 0.3674017 0 P 0
L -1.0188977 0.3674017 -0.8811024 0.3674017 0 P 0
L -1.0188977 0.3725986 -0.8811024 0.3725986 0 P 0
L -1.0188977 0.3725986 -1.0188977 0.4474017 0 P 0
L -1.0188977 0.4474017 -0.8811024 0.4474017 0 P 0
L 1.0625983 0.8311024 1.0625983 0.9688977 0 P 0
L 1.0625983 0.8311024 1.1374014 0.8311024 0 P 0
L 1.0625983 0.9688977 1.1374014 0.9688977 0 P 0
L -1.0625986 0.8311024 -1.0625986 0.9688977 0 P 0
L 1.065 -0.02 1.135 -0.02 0 P 0
L -1.065 0.025 -1.065 0.18 0 P 0
L 1.065 0.025 1.065 0.18 0 P 0
L 1.065 0.025 1.135 0.025 0 P 0
L 1.065 -0.175 1.065 -0.02 0 P 0
L -1.065 -0.175 -1.065 -0.02 0 P 0
L 1.065 -0.175 1.135 -0.175 0 P 0
L 1.065 0.18 1.135 0.18 0 P 0
L 1.065 -0.22 1.135 -0.22 0 P 0
L 1.065 0.225 1.065 0.38 0 P 0
L -1.065 0.225 -1.065 0.38 0 P 0
L 1.065 0.225 1.135 0.225 0 P 0
L 1.065 -0.375 1.065 -0.22 0 P 0
L -1.065 -0.375 -1.065 -0.22 0 P 0
L 1.065 -0.375 1.135 -0.375 0 P 0
L 1.065 0.38 1.135 0.38 0 P 0
L 1.065 -0.42 1.135 -0.42 0 P 0
L 1.065 0.425 1.065 0.58 0 P 0
L -1.065 0.425 -1.065 0.58 0 P 0
L 1.065 0.425 1.135 0.425 0 P 0
L -1.065 -0.575 -1.065 -0.42 0 P 0
L 1.065 -0.575 1.065 -0.42 0 P 0
L 1.065 -0.575 1.135 -0.575 0 P 0
L 1.065 0.58 1.135 0.58 0 P 0
L 1.065 -0.62 1.135 -0.62 0 P 0
L 1.065 0.625 1.065 0.78 0 P 0
L -1.065 0.625 -1.065 0.78 0 P 0
L 1.065 0.625 1.135 0.625 0 P 0
L -1.065 -0.775 -1.065 -0.62 0 P 0
L 1.065 -0.775 1.065 -0.62 0 P 0
L 1.065 -0.775 1.135 -0.775 0 P 0
L 1.065 0.78 1.135 0.78 0 P 0
L 1.0803148 0.9000001 1.1196849 0.9000001 0 P 0
L 1.080315 -0.1 1.1196851 -0.1 0 P 0
L 1.080315 0.1 1.1196851 0.1 0 P 0
L 1.080315 0.3 1.1196851 0.3 0 P 0
L 1.080315 -0.3 1.1196851 -0.3 0 P 0
L 1.080315 0.5 1.1196851 0.5 0 P 0
L 1.080315 -0.5 1.1196851 -0.5 0 P 0
L 1.080315 0.7 1.1196851 0.7 0 P 0
L 1.080315 -0.7 1.1196851 -0.7 0 P 0
L 1.0999999 0.880315 1.0999999 0.9196851 0 P 0
L -1.1 0.0803149 -1.1 0.119685 0 P 0
L 1.1 0.0803149 1.1 0.119685 0 P 0
L 1.1 -0.1196851 1.1 -0.080315 0 P 0
L -1.1 -0.1196851 -1.1 -0.080315 0 P 0
L 1.1 0.2803149 1.1 0.319685 0 P 0
L -1.1 0.2803149 -1.1 0.319685 0 P 0
L 1.1 -0.3196851 1.1 -0.280315 0 P 0
L -1.1 -0.3196851 -1.1 -0.280315 0 P 0
L 1.1 0.4803149 1.1 0.519685 0 P 0
L -1.1 0.4803149 -1.1 0.519685 0 P 0
L -1.1 -0.5196851 -1.1 -0.480315 0 P 0
L 1.1 -0.5196851 1.1 -0.480315 0 P 0
L 1.1 0.6803149 1.1 0.719685 0 P 0
L -1.1 0.6803149 -1.1 0.719685 0 P 0
L -1.1 -0.7196851 -1.1 -0.680315 0 P 0
L 1.1 -0.7196851 1.1 -0.680315 0 P 0
L -1.1000001 0.880315 -1.1000001 0.9196851 0 P 0
L -1.119685 0.1 -1.0803149 0.1 0 P 0
L -1.119685 -0.1 -1.0803149 -0.1 0 P 0
L -1.119685 -0.3 -1.0803149 -0.3 0 P 0
L -1.119685 0.3 -1.0803149 0.3 0 P 0
L -1.119685 0.5 -1.0803149 0.5 0 P 0
L -1.119685 -0.5 -1.0803149 -0.5 0 P 0
L -1.119685 0.7 -1.0803149 0.7 0 P 0
L -1.119685 -0.7 -1.0803149 -0.7 0 P 0
L -1.1196852 0.9000001 -1.0803151 0.9000001 0 P 0
L -1.135 -0.02 -1.065 -0.02 0 P 0
L -1.135 0.025 -1.065 0.025 0 P 0
L -1.135 0.025 -1.135 0.18 0 P 0
L 1.135 0.025 1.135 0.18 0 P 0
L -1.135 -0.175 -1.065 -0.175 0 P 0
L 1.135 -0.175 1.135 -0.02 0 P 0
L -1.135 -0.175 -1.135 -0.02 0 P 0
L -1.135 0.18 -1.065 0.18 0 P 0
L -1.135 -0.22 -1.065 -0.22 0 P 0
L -1.135 0.225 -1.065 0.225 0 P 0
L 1.135 0.225 1.135 0.38 0 P 0
L -1.135 0.225 -1.135 0.38 0 P 0
L -1.135 -0.375 -1.065 -0.375 0 P 0
L 1.135 -0.375 1.135 -0.22 0 P 0
L -1.135 -0.375 -1.135 -0.22 0 P 0
L -1.135 0.38 -1.065 0.38 0 P 0
L -1.135 -0.42 -1.065 -0.42 0 P 0
L -1.135 0.425 -1.065 0.425 0 P 0
L 1.135 0.425 1.135 0.58 0 P 0
L -1.135 0.425 -1.135 0.58 0 P 0
L -1.135 -0.575 -1.065 -0.575 0 P 0
L -1.135 -0.575 -1.135 -0.42 0 P 0
L 1.135 -0.575 1.135 -0.42 0 P 0
L -1.135 0.58 -1.065 0.58 0 P 0
L -1.135 -0.62 -1.065 -0.62 0 P 0
L -1.135 0.625 -1.065 0.625 0 P 0
L 1.135 0.625 1.135 0.78 0 P 0
L -1.135 0.625 -1.135 0.78 0 P 0
L -1.135 -0.775 -1.065 -0.775 0 P 0
L -1.135 -0.775 -1.135 -0.62 0 P 0
L 1.135 -0.775 1.135 -0.62 0 P 0
L -1.135 0.78 -1.065 0.78 0 P 0
L 1.1374014 0.8311024 1.1374014 0.9688977 0 P 0
L -1.1374017 0.8311024 -1.0625986 0.8311024 0 P 0
L -1.1374017 0.8311024 -1.1374017 0.9688977 0 P 0
L -1.1374017 0.9688977 -1.0625986 0.9688977 0 P 0
L 1.180315 0.7499999 1.219685 0.7499999 0 P 0
L -1.2 0.7303149 -1.2 0.769685 0 P 0
L 1.2 0.7303149 1.2 0.769685 0 P 0
L -1.219685 0.7499999 -1.180315 0.7499999 0 P 0
L 1.2311023 0.0015748 1.2311023 0.1984252 0 P 0
L 1.2311023 0.0015748 1.3688976 0.0015748 0 P 0
L 1.2311023 0.1984252 1.3688976 0.1984252 0 P 0
L -1.2311024 0.0015748 -1.2311024 0.1984252 0 P 0
L -1.2311024 0.0525986 -1.2311024 0.1274017 0 P 0
L 1.2625983 0.8311024 1.2625983 0.9688977 0 P 0
L 1.2625983 0.8311024 1.3374014 0.8311024 0 P 0
L 1.2625983 0.9688977 1.3374014 0.9688977 0 P 0
L -1.2625986 0.8311024 -1.2625986 0.9688977 0 P 0
L 1.265 -0.02 1.335 -0.02 0 P 0
L 1.265 -0.175 1.265 -0.02 0 P 0
L -1.265 -0.175 -1.265 -0.02 0 P 0
L 1.265 -0.175 1.335 -0.175 0 P 0
L 1.265 -0.22 1.335 -0.22 0 P 0
L 1.265 0.225 1.265 0.38 0 P 0
L -1.265 0.225 -1.265 0.38 0 P 0
L 1.265 0.225 1.335 0.225 0 P 0
L 1.265 -0.375 1.265 -0.22 0 P 0
L -1.265 -0.375 -1.265 -0.22 0 P 0
L 1.265 -0.375 1.335 -0.375 0 P 0
L 1.265 0.38 1.335 0.38 0 P 0
L 1.265 -0.42 1.335 -0.42 0 P 0
L 1.265 0.425 1.265 0.58 0 P 0
L -1.265 0.425 -1.265 0.58 0 P 0
L 1.265 0.425 1.335 0.425 0 P 0
L -1.265 -0.575 -1.265 -0.42 0 P 0
L 1.265 -0.575 1.265 -0.42 0 P 0
L 1.265 -0.575 1.335 -0.575 0 P 0
L 1.265 0.58 1.335 0.58 0 P 0
L 1.265 -0.62 1.335 -0.62 0 P 0
L 1.265 0.625 1.265 0.78 0 P 0
L -1.265 0.625 -1.265 0.78 0 P 0
L 1.265 0.625 1.335 0.625 0 P 0
L -1.265 -0.775 -1.265 -0.62 0 P 0
L 1.265 -0.775 1.265 -0.62 0 P 0
L 1.265 -0.775 1.335 -0.775 0 P 0
L 1.265 0.78 1.335 0.78 0 P 0
L 1.2803148 0.9000001 1.3196849 0.9000001 0 P 0
L 1.2803149 0.1 1.319685 0.1 0 P 0
L 1.280315 -0.1 1.3196851 -0.1 0 P 0
L 1.280315 0.3 1.3196851 0.3 0 P 0
L 1.280315 -0.3 1.3196851 -0.3 0 P 0
L 1.280315 0.5 1.3196851 0.5 0 P 0
L 1.280315 -0.5 1.3196851 -0.5 0 P 0
L 1.280315 0.7 1.3196851 0.7 0 P 0
L 1.280315 -0.7 1.3196851 -0.7 0 P 0
L 1.2999999 0.880315 1.2999999 0.9196851 0 P 0
L 1.3 0.080315 1.3 0.1196851 0 P 0
L -1.3 0.080315 -1.3 0.1196851 0 P 0
L 1.3 -0.1196851 1.3 -0.080315 0 P 0
L -1.3 -0.1196851 -1.3 -0.080315 0 P 0
L 1.3 0.2803149 1.3 0.319685 0 P 0
L -1.3 0.2803149 -1.3 0.319685 0 P 0
L 1.3 -0.3196851 1.3 -0.280315 0 P 0
L -1.3 -0.3196851 -1.3 -0.280315 0 P 0
L 1.3 0.4803149 1.3 0.519685 0 P 0
L -1.3 0.4803149 -1.3 0.519685 0 P 0
L -1.3 -0.5196851 -1.3 -0.480315 0 P 0
L 1.3 -0.5196851 1.3 -0.480315 0 P 0
L 1.3 0.6803149 1.3 0.719685 0 P 0
L -1.3 0.6803149 -1.3 0.719685 0 P 0
L -1.3 -0.7196851 -1.3 -0.680315 0 P 0
L 1.3 -0.7196851 1.3 -0.680315 0 P 0
L -1.3000001 0.0703151 -1.3000001 0.1096852 0 P 0
L -1.3000001 0.880315 -1.3000001 0.9196851 0 P 0
L -1.3011024 -0.0274014 -1.3011024 0.0474017 0 P 0
L -1.319685 -0.1 -1.2803149 -0.1 0 P 0
L -1.319685 -0.3 -1.2803149 -0.3 0 P 0
L -1.319685 0.3 -1.2803149 0.3 0 P 0
L -1.319685 0.5 -1.2803149 0.5 0 P 0
L -1.319685 -0.5 -1.2803149 -0.5 0 P 0
L -1.319685 0.7 -1.2803149 0.7 0 P 0
L -1.319685 -0.7 -1.2803149 -0.7 0 P 0
L -1.3196851 0.0900001 -1.280315 0.0900001 0 P 0
L -1.3196851 0.1 -1.280315 0.1 0 P 0
L -1.3196852 0.9000001 -1.2803151 0.9000001 0 P 0
L -1.335 -0.02 -1.265 -0.02 0 P 0
L -1.335 -0.175 -1.265 -0.175 0 P 0
L 1.335 -0.175 1.335 -0.02 0 P 0
L -1.335 -0.175 -1.335 -0.02 0 P 0
L -1.335 -0.22 -1.265 -0.22 0 P 0
L -1.335 0.225 -1.265 0.225 0 P 0
L 1.335 0.225 1.335 0.38 0 P 0
L -1.335 0.225 -1.335 0.38 0 P 0
L -1.335 -0.375 -1.265 -0.375 0 P 0
L 1.335 -0.375 1.335 -0.22 0 P 0
L -1.335 -0.375 -1.335 -0.22 0 P 0
L -1.335 0.38 -1.265 0.38 0 P 0
L -1.335 -0.42 -1.265 -0.42 0 P 0
L -1.335 0.425 -1.265 0.425 0 P 0
L 1.335 0.425 1.335 0.58 0 P 0
L -1.335 0.425 -1.335 0.58 0 P 0
L -1.335 -0.575 -1.265 -0.575 0 P 0
L -1.335 -0.575 -1.335 -0.42 0 P 0
L 1.335 -0.575 1.335 -0.42 0 P 0
L -1.335 0.58 -1.265 0.58 0 P 0
L -1.335 -0.62 -1.265 -0.62 0 P 0
L -1.335 0.625 -1.265 0.625 0 P 0
L 1.335 0.625 1.335 0.78 0 P 0
L -1.335 0.625 -1.335 0.78 0 P 0
L -1.335 -0.775 -1.265 -0.775 0 P 0
L -1.335 -0.775 -1.335 -0.62 0 P 0
L 1.335 -0.775 1.335 -0.62 0 P 0
L -1.335 0.78 -1.265 0.78 0 P 0
L 1.3374014 0.8311024 1.3374014 0.9688977 0 P 0
L -1.3374017 0.8311024 -1.2625986 0.8311024 0 P 0
L -1.3374017 0.8311024 -1.3374017 0.9688977 0 P 0
L -1.3374017 0.9688977 -1.2625986 0.9688977 0 P 0
L 1.3625986 0.8311023 1.3625986 0.9688976 0 P 0
L 1.3625986 0.8311023 1.4374017 0.8311023 0 P 0
L 1.3625986 0.9688976 1.4374017 0.9688976 0 P 0
L 1.3688976 0.0015748 1.3688976 0.1984252 0 P 0
L -1.3688977 0.0015748 -1.2311024 0.0015748 0 P 0
L -1.3688977 0.0015748 -1.3688977 0.1984252 0 P 0
L -1.3688977 0.0525986 -1.2311024 0.0525986 0 P 0
L -1.3688977 0.0525986 -1.3688977 0.1274017 0 P 0
L -1.3688977 0.1274017 -1.2311024 0.1274017 0 P 0
L -1.3688977 0.1984252 -1.2311024 0.1984252 0 P 0
L -1.3700001 -0.0096849 -1.3700001 0.0296852 0 P 0
L -1.3725986 0.0911023 -1.3725986 0.2288976 0 P 0
L 1.3803151 0.8999999 1.4196852 0.8999999 0 P 0
L -1.3896851 0.0100001 -1.350315 0.0100001 0 P 0
L 1.4000001 0.8803149 1.4000001 0.919685 0 P 0
L -1.4100001 0.1403149 -1.4100001 0.179685 0 P 0
L -1.4106299 0.5629921 -0.9893701 0.5629921 0 P 0
L -1.4106299 0.5629921 -1.4106299 0.9370078 0 P 0
L 1.4106299 0.5629921 1.4106299 0.9370078 0 P 0
L -1.4106299 0.9370078 -0.9893701 0.9370078 0 P 0
L -1.4296852 0.1599999 -1.3903151 0.1599999 0 P 0
L 1.4374017 0.8311023 1.4374017 0.9688976 0 P 0
L -1.4388977 -0.0274014 -1.3011024 -0.0274014 0 P 0
L -1.4388977 -0.0274014 -1.4388977 0.0474017 0 P 0
L -1.4388977 0.0474017 -1.3011024 0.0474017 0 P 0
L -1.4474017 0.0911023 -1.3725986 0.0911023 0 P 0
L -1.4474017 0.0911023 -1.4474017 0.2288976 0 P 0
L -1.4474017 0.2288976 -1.3725986 0.2288976 0 P 0
L 1.4625983 0.8311024 1.4625983 0.9688977 0 P 0
L 1.4625983 0.8311024 1.5374014 0.8311024 0 P 0
L 1.4625983 0.9688977 1.5374014 0.9688977 0 P 0
L -1.4625986 0.8311024 -1.4625986 0.9688977 0 P 0
L 1.465 -0.02 1.535 -0.02 0 P 0
L -1.465 0.025 -1.465 0.18 0 P 0
L 1.465 0.025 1.465 0.18 0 P 0
L 1.465 0.025 1.535 0.025 0 P 0
L 1.465 -0.175 1.465 -0.02 0 P 0
L -1.465 -0.175 -1.465 -0.02 0 P 0
L 1.465 -0.175 1.535 -0.175 0 P 0
L 1.465 0.18 1.535 0.18 0 P 0
L 1.465 -0.22 1.535 -0.22 0 P 0
L 1.465 0.225 1.465 0.38 0 P 0
L -1.465 0.225 -1.465 0.38 0 P 0
L 1.465 0.225 1.535 0.225 0 P 0
L 1.465 -0.375 1.465 -0.22 0 P 0
L -1.465 -0.375 -1.465 -0.22 0 P 0
L 1.465 -0.375 1.535 -0.375 0 P 0
L 1.465 0.38 1.535 0.38 0 P 0
L 1.465 -0.42 1.535 -0.42 0 P 0
L 1.465 0.425 1.465 0.58 0 P 0
L -1.465 0.425 -1.465 0.58 0 P 0
L 1.465 0.425 1.535 0.425 0 P 0
L -1.465 -0.575 -1.465 -0.42 0 P 0
L 1.465 -0.575 1.465 -0.42 0 P 0
L 1.465 -0.575 1.535 -0.575 0 P 0
L 1.465 0.58 1.535 0.58 0 P 0
L 1.465 -0.62 1.535 -0.62 0 P 0
L 1.465 0.625 1.465 0.78 0 P 0
L -1.465 0.625 -1.465 0.78 0 P 0
L 1.465 0.625 1.535 0.625 0 P 0
L -1.465 -0.775 -1.465 -0.62 0 P 0
L 1.465 -0.775 1.465 -0.62 0 P 0
L 1.465 -0.775 1.535 -0.775 0 P 0
L 1.465 0.78 1.535 0.78 0 P 0
L 1.4803148 0.9000001 1.5196849 0.9000001 0 P 0
L 1.480315 -0.1 1.5196851 -0.1 0 P 0
L 1.480315 0.1 1.5196851 0.1 0 P 0
L 1.480315 0.3 1.5196851 0.3 0 P 0
L 1.480315 -0.3 1.5196851 -0.3 0 P 0
L 1.480315 0.5 1.5196851 0.5 0 P 0
L 1.480315 -0.5 1.5196851 -0.5 0 P 0
L 1.480315 0.7 1.5196851 0.7 0 P 0
L 1.480315 -0.7 1.5196851 -0.7 0 P 0
L 1.4999999 0.880315 1.4999999 0.9196851 0 P 0
L -1.5 0.0803149 -1.5 0.119685 0 P 0
L 1.5 0.0803149 1.5 0.119685 0 P 0
L 1.5 -0.1196851 1.5 -0.080315 0 P 0
L -1.5 -0.1196851 -1.5 -0.080315 0 P 0
L 1.5 0.2803149 1.5 0.319685 0 P 0
L -1.5 0.2803149 -1.5 0.319685 0 P 0
L 1.5 -0.3196851 1.5 -0.280315 0 P 0
L -1.5 -0.3196851 -1.5 -0.280315 0 P 0
L 1.5 0.4803149 1.5 0.519685 0 P 0
L -1.5 0.4803149 -1.5 0.519685 0 P 0
L -1.5 -0.5196851 -1.5 -0.480315 0 P 0
L 1.5 -0.5196851 1.5 -0.480315 0 P 0
L 1.5 0.6803149 1.5 0.719685 0 P 0
L -1.5 0.6803149 -1.5 0.719685 0 P 0
L -1.5 -0.7196851 -1.5 -0.680315 0 P 0
L 1.5 -0.7196851 1.5 -0.680315 0 P 0
L -1.5000001 0.880315 -1.5000001 0.9196851 0 P 0
L -1.519685 0.1 -1.4803149 0.1 0 P 0
L -1.519685 -0.1 -1.4803149 -0.1 0 P 0
L -1.519685 -0.3 -1.4803149 -0.3 0 P 0
L -1.519685 0.3 -1.4803149 0.3 0 P 0
L -1.519685 0.5 -1.4803149 0.5 0 P 0
L -1.519685 -0.5 -1.4803149 -0.5 0 P 0
L -1.519685 0.7 -1.4803149 0.7 0 P 0
L -1.519685 -0.7 -1.4803149 -0.7 0 P 0
L -1.5196852 0.9000001 -1.4803151 0.9000001 0 P 0
L -1.535 -0.02 -1.465 -0.02 0 P 0
L -1.535 0.025 -1.465 0.025 0 P 0
L -1.535 0.025 -1.535 0.18 0 P 0
L 1.535 0.025 1.535 0.18 0 P 0
L -1.535 -0.175 -1.465 -0.175 0 P 0
L 1.535 -0.175 1.535 -0.02 0 P 0
L -1.535 -0.175 -1.535 -0.02 0 P 0
L -1.535 0.18 -1.465 0.18 0 P 0
L -1.535 -0.22 -1.465 -0.22 0 P 0
L -1.535 0.225 -1.465 0.225 0 P 0
L 1.535 0.225 1.535 0.38 0 P 0
L -1.535 0.225 -1.535 0.38 0 P 0
L -1.535 -0.375 -1.465 -0.375 0 P 0
L 1.535 -0.375 1.535 -0.22 0 P 0
L -1.535 -0.375 -1.535 -0.22 0 P 0
L -1.535 0.38 -1.465 0.38 0 P 0
L -1.535 -0.42 -1.465 -0.42 0 P 0
L -1.535 0.425 -1.465 0.425 0 P 0
L 1.535 0.425 1.535 0.58 0 P 0
L -1.535 0.425 -1.535 0.58 0 P 0
L -1.535 -0.575 -1.465 -0.575 0 P 0
L -1.535 -0.575 -1.535 -0.42 0 P 0
L 1.535 -0.575 1.535 -0.42 0 P 0
L -1.535 0.58 -1.465 0.58 0 P 0
L -1.535 -0.62 -1.465 -0.62 0 P 0
L -1.535 0.625 -1.465 0.625 0 P 0
L 1.535 0.625 1.535 0.78 0 P 0
L -1.535 0.625 -1.535 0.78 0 P 0
L -1.535 -0.775 -1.465 -0.775 0 P 0
L -1.535 -0.775 -1.535 -0.62 0 P 0
L 1.535 -0.775 1.535 -0.62 0 P 0
L -1.535 0.78 -1.465 0.78 0 P 0
L 1.5374014 0.8311024 1.5374014 0.9688977 0 P 0
L -1.5374017 0.8311024 -1.4625986 0.8311024 0 P 0
L -1.5374017 0.8311024 -1.5374017 0.9688977 0 P 0
L -1.5374017 0.9688977 -1.4625986 0.9688977 0 P 0
L -1.5533071 0.063307 -1.5533071 0.4766928 0 P 0
L -1.5825983 0.8311023 -1.5825983 0.9688976 0 P 0
L 1.5893701 0.5629921 1.5893701 0.9370078 0 P 0
L -1.5893701 0.5629921 -1.5893701 0.9370078 0 P 0
L 1.5893701 0.5629921 2.0106299 0.5629921 0 P 0
L 1.5893701 0.9370078 2.0106299 0.9370078 0 P 0
L -1.6199999 0.8803149 -1.6199999 0.919685 0 P 0
L -1.6396849 0.8999999 -1.6003148 0.8999999 0 P 0
L -1.6574014 0.8311023 -1.5825983 0.8311023 0 P 0
L -1.6574014 0.8311023 -1.6574014 0.9688976 0 P 0
L -1.6574014 0.9688976 -1.5825983 0.9688976 0 P 0
L 1.6625983 0.8311024 1.6625983 0.9688977 0 P 0
L 1.6625983 0.8311024 1.7374014 0.8311024 0 P 0
L 1.6625983 0.9688977 1.7374014 0.9688977 0 P 0
L -1.6625986 0.8311024 -1.6625986 0.9688977 0 P 0
L 1.665 -0.02 1.735 -0.02 0 P 0
L -1.665 0.025 -1.665 0.18 0 P 0
L 1.665 0.025 1.665 0.18 0 P 0
L 1.665 0.025 1.735 0.025 0 P 0
L 1.665 -0.175 1.665 -0.02 0 P 0
L -1.665 -0.175 -1.665 -0.02 0 P 0
L 1.665 -0.175 1.735 -0.175 0 P 0
L 1.665 0.18 1.735 0.18 0 P 0
L 1.665 -0.22 1.735 -0.22 0 P 0
L 1.665 0.225 1.665 0.38 0 P 0
L -1.665 0.225 -1.665 0.38 0 P 0
L 1.665 0.225 1.735 0.225 0 P 0
L 1.665 -0.375 1.665 -0.22 0 P 0
L -1.665 -0.375 -1.665 -0.22 0 P 0
L 1.665 -0.375 1.735 -0.375 0 P 0
L 1.665 0.38 1.735 0.38 0 P 0
L 1.665 -0.42 1.735 -0.42 0 P 0
L 1.665 0.425 1.665 0.58 0 P 0
L -1.665 0.425 -1.665 0.58 0 P 0
L 1.665 0.425 1.735 0.425 0 P 0
L -1.665 -0.575 -1.665 -0.42 0 P 0
L 1.665 -0.575 1.665 -0.42 0 P 0
L 1.665 -0.575 1.735 -0.575 0 P 0
L 1.665 0.58 1.735 0.58 0 P 0
L 1.665 -0.62 1.735 -0.62 0 P 0
L 1.665 0.625 1.665 0.78 0 P 0
L -1.665 0.625 -1.665 0.78 0 P 0
L 1.665 0.625 1.735 0.625 0 P 0
L -1.665 -0.775 -1.665 -0.62 0 P 0
L 1.665 -0.775 1.665 -0.62 0 P 0
L 1.665 -0.775 1.735 -0.775 0 P 0
L 1.665 0.78 1.735 0.78 0 P 0
L 1.6803148 0.9000001 1.7196849 0.9000001 0 P 0
L 1.680315 -0.1 1.7196851 -0.1 0 P 0
L 1.680315 0.1 1.7196851 0.1 0 P 0
L 1.680315 0.3 1.7196851 0.3 0 P 0
L 1.680315 -0.3 1.7196851 -0.3 0 P 0
L 1.680315 0.5 1.7196851 0.5 0 P 0
L 1.680315 -0.5 1.7196851 -0.5 0 P 0
L 1.680315 0.7 1.7196851 0.7 0 P 0
L 1.680315 -0.7 1.7196851 -0.7 0 P 0
L 1.6999999 0.880315 1.6999999 0.9196851 0 P 0
L -1.7 0.0803149 -1.7 0.119685 0 P 0
L 1.7 0.0803149 1.7 0.119685 0 P 0
L 1.7 -0.1196851 1.7 -0.080315 0 P 0
L -1.7 -0.1196851 -1.7 -0.080315 0 P 0
L 1.7 0.2803149 1.7 0.319685 0 P 0
L -1.7 0.2803149 -1.7 0.319685 0 P 0
L 1.7 -0.3196851 1.7 -0.280315 0 P 0
L -1.7 -0.3196851 -1.7 -0.280315 0 P 0
L 1.7 0.4803149 1.7 0.519685 0 P 0
L -1.7 0.4803149 -1.7 0.519685 0 P 0
L -1.7 -0.5196851 -1.7 -0.480315 0 P 0
L 1.7 -0.5196851 1.7 -0.480315 0 P 0
L 1.7 0.6803149 1.7 0.719685 0 P 0
L -1.7 0.6803149 -1.7 0.719685 0 P 0
L -1.7 -0.7196851 -1.7 -0.680315 0 P 0
L 1.7 -0.7196851 1.7 -0.680315 0 P 0
L -1.7000001 0.880315 -1.7000001 0.9196851 0 P 0
L -1.719685 0.1 -1.6803149 0.1 0 P 0
L -1.719685 -0.1 -1.6803149 -0.1 0 P 0
L -1.719685 -0.3 -1.6803149 -0.3 0 P 0
L -1.719685 0.3 -1.6803149 0.3 0 P 0
L -1.719685 0.5 -1.6803149 0.5 0 P 0
L -1.719685 -0.5 -1.6803149 -0.5 0 P 0
L -1.719685 0.7 -1.6803149 0.7 0 P 0
L -1.719685 -0.7 -1.6803149 -0.7 0 P 0
L -1.7196852 0.9000001 -1.6803151 0.9000001 0 P 0
L -1.735 -0.02 -1.665 -0.02 0 P 0
L -1.735 0.025 -1.665 0.025 0 P 0
L -1.735 0.025 -1.735 0.18 0 P 0
L 1.735 0.025 1.735 0.18 0 P 0
L -1.735 -0.175 -1.665 -0.175 0 P 0
L 1.735 -0.175 1.735 -0.02 0 P 0
L -1.735 -0.175 -1.735 -0.02 0 P 0
L -1.735 0.18 -1.665 0.18 0 P 0
L -1.735 -0.22 -1.665 -0.22 0 P 0
L -1.735 0.225 -1.665 0.225 0 P 0
L 1.735 0.225 1.735 0.38 0 P 0
L -1.735 0.225 -1.735 0.38 0 P 0
L -1.735 -0.375 -1.665 -0.375 0 P 0
L 1.735 -0.375 1.735 -0.22 0 P 0
L -1.735 -0.375 -1.735 -0.22 0 P 0
L -1.735 0.38 -1.665 0.38 0 P 0
L -1.735 -0.42 -1.665 -0.42 0 P 0
L -1.735 0.425 -1.665 0.425 0 P 0
L 1.735 0.425 1.735 0.58 0 P 0
L -1.735 0.425 -1.735 0.58 0 P 0
L -1.735 -0.575 -1.665 -0.575 0 P 0
L -1.735 -0.575 -1.735 -0.42 0 P 0
L 1.735 -0.575 1.735 -0.42 0 P 0
L -1.735 0.58 -1.665 0.58 0 P 0
L -1.735 -0.62 -1.665 -0.62 0 P 0
L -1.735 0.625 -1.665 0.625 0 P 0
L 1.735 0.625 1.735 0.78 0 P 0
L -1.735 0.625 -1.735 0.78 0 P 0
L -1.735 -0.775 -1.665 -0.775 0 P 0
L -1.735 -0.775 -1.735 -0.62 0 P 0
L 1.735 -0.775 1.735 -0.62 0 P 0
L -1.735 0.78 -1.665 0.78 0 P 0
L 1.7374014 0.8311024 1.7374014 0.9688977 0 P 0
L -1.7374017 0.8311024 -1.6625986 0.8311024 0 P 0
L -1.7374017 0.8311024 -1.7374017 0.9688977 0 P 0
L -1.7374017 0.9688977 -1.6625986 0.9688977 0 P 0
L -1.76 0.2503149 -1.76 0.289685 0 P 0
L -1.779685 0.2699999 -1.7403149 0.2699999 0 P 0
L 1.780315 0.7499999 1.819685 0.7499999 0 P 0
L 1.8 0.7303149 1.8 0.769685 0 P 0
L -1.8 0.7303149 -1.8 0.769685 0 P 0
L -1.819685 0.7499999 -1.780315 0.7499999 0 P 0
L 1.8625983 0.8311024 1.8625983 0.9688977 0 P 0
L 1.8625983 0.8311024 1.9374014 0.8311024 0 P 0
L 1.8625983 0.9688977 1.9374014 0.9688977 0 P 0
L -1.8625986 0.8311024 -1.8625986 0.9688977 0 P 0
L 1.865 -0.02 1.935 -0.02 0 P 0
L -1.865 0.025 -1.865 0.18 0 P 0
L 1.865 0.025 1.865 0.18 0 P 0
L 1.865 0.025 1.935 0.025 0 P 0
L 1.865 -0.175 1.865 -0.02 0 P 0
L -1.865 -0.175 -1.865 -0.02 0 P 0
L 1.865 -0.175 1.935 -0.175 0 P 0
L 1.865 0.18 1.935 0.18 0 P 0
L 1.865 -0.22 1.935 -0.22 0 P 0
L 1.865 0.225 1.865 0.38 0 P 0
L -1.865 0.225 -1.865 0.38 0 P 0
L 1.865 0.225 1.935 0.225 0 P 0
L 1.865 -0.375 1.865 -0.22 0 P 0
L -1.865 -0.375 -1.865 -0.22 0 P 0
L 1.865 -0.375 1.935 -0.375 0 P 0
L 1.865 0.38 1.935 0.38 0 P 0
L 1.865 -0.42 1.935 -0.42 0 P 0
L 1.865 0.425 1.865 0.58 0 P 0
L -1.865 0.425 -1.865 0.58 0 P 0
L 1.865 0.425 1.935 0.425 0 P 0
L -1.865 -0.575 -1.865 -0.42 0 P 0
L 1.865 -0.575 1.865 -0.42 0 P 0
L 1.865 -0.575 1.935 -0.575 0 P 0
L 1.865 0.58 1.935 0.58 0 P 0
L 1.865 -0.62 1.935 -0.62 0 P 0
L 1.865 0.625 1.865 0.78 0 P 0
L -1.865 0.625 -1.865 0.78 0 P 0
L 1.865 0.625 1.935 0.625 0 P 0
L -1.865 -0.775 -1.865 -0.62 0 P 0
L 1.865 -0.775 1.865 -0.62 0 P 0
L 1.865 -0.775 1.935 -0.775 0 P 0
L 1.865 0.78 1.935 0.78 0 P 0
L 1.8803148 0.9000001 1.9196849 0.9000001 0 P 0
L 1.880315 -0.1 1.9196851 -0.1 0 P 0
L 1.880315 0.1 1.9196851 0.1 0 P 0
L 1.880315 0.3 1.9196851 0.3 0 P 0
L 1.880315 -0.3 1.9196851 -0.3 0 P 0
L 1.880315 0.5 1.9196851 0.5 0 P 0
L 1.880315 -0.5 1.9196851 -0.5 0 P 0
L 1.880315 0.7 1.9196851 0.7 0 P 0
L 1.880315 -0.7 1.9196851 -0.7 0 P 0
L 1.8999999 0.880315 1.8999999 0.9196851 0 P 0
L -1.9 0.0803149 -1.9 0.119685 0 P 0
L 1.9 0.0803149 1.9 0.119685 0 P 0
L 1.9 -0.1196851 1.9 -0.080315 0 P 0
L -1.9 -0.1196851 -1.9 -0.080315 0 P 0
L 1.9 0.2803149 1.9 0.319685 0 P 0
L -1.9 0.2803149 -1.9 0.319685 0 P 0
L 1.9 -0.3196851 1.9 -0.280315 0 P 0
L -1.9 -0.3196851 -1.9 -0.280315 0 P 0
L 1.9 0.4803149 1.9 0.519685 0 P 0
L -1.9 0.4803149 -1.9 0.519685 0 P 0
L -1.9 -0.5196851 -1.9 -0.480315 0 P 0
L 1.9 -0.5196851 1.9 -0.480315 0 P 0
L 1.9 0.6803149 1.9 0.719685 0 P 0
L -1.9 0.6803149 -1.9 0.719685 0 P 0
L -1.9 -0.7196851 -1.9 -0.680315 0 P 0
L 1.9 -0.7196851 1.9 -0.680315 0 P 0
L -1.9000001 0.880315 -1.9000001 0.9196851 0 P 0
L -1.919685 0.1 -1.8803149 0.1 0 P 0
L -1.919685 -0.1 -1.8803149 -0.1 0 P 0
L -1.919685 -0.3 -1.8803149 -0.3 0 P 0
L -1.919685 0.3 -1.8803149 0.3 0 P 0
L -1.919685 0.5 -1.8803149 0.5 0 P 0
L -1.919685 -0.5 -1.8803149 -0.5 0 P 0
L -1.919685 0.7 -1.8803149 0.7 0 P 0
L -1.919685 -0.7 -1.8803149 -0.7 0 P 0
L -1.9196852 0.9000001 -1.8803151 0.9000001 0 P 0
L -1.935 -0.02 -1.865 -0.02 0 P 0
L -1.935 0.025 -1.865 0.025 0 P 0
L -1.935 0.025 -1.935 0.18 0 P 0
L 1.935 0.025 1.935 0.18 0 P 0
L -1.935 -0.175 -1.865 -0.175 0 P 0
L 1.935 -0.175 1.935 -0.02 0 P 0
L -1.935 -0.175 -1.935 -0.02 0 P 0
L -1.935 0.18 -1.865 0.18 0 P 0
L -1.935 -0.22 -1.865 -0.22 0 P 0
L -1.935 0.225 -1.865 0.225 0 P 0
L 1.935 0.225 1.935 0.38 0 P 0
L -1.935 0.225 -1.935 0.38 0 P 0
L -1.935 -0.375 -1.865 -0.375 0 P 0
L 1.935 -0.375 1.935 -0.22 0 P 0
L -1.935 -0.375 -1.935 -0.22 0 P 0
L -1.935 0.38 -1.865 0.38 0 P 0
L -1.935 -0.42 -1.865 -0.42 0 P 0
L -1.935 0.425 -1.865 0.425 0 P 0
L 1.935 0.425 1.935 0.58 0 P 0
L -1.935 0.425 -1.935 0.58 0 P 0
L -1.935 -0.575 -1.865 -0.575 0 P 0
L -1.935 -0.575 -1.935 -0.42 0 P 0
L 1.935 -0.575 1.935 -0.42 0 P 0
L -1.935 0.58 -1.865 0.58 0 P 0
L -1.935 -0.62 -1.865 -0.62 0 P 0
L -1.935 0.625 -1.865 0.625 0 P 0
L 1.935 0.625 1.935 0.78 0 P 0
L -1.935 0.625 -1.935 0.78 0 P 0
L -1.935 -0.775 -1.865 -0.775 0 P 0
L -1.935 -0.775 -1.935 -0.62 0 P 0
L 1.935 -0.775 1.935 -0.62 0 P 0
L -1.935 0.78 -1.865 0.78 0 P 0
L 1.9374014 0.8311024 1.9374014 0.9688977 0 P 0
L -1.9374017 0.8311024 -1.8625986 0.8311024 0 P 0
L -1.9374017 0.8311024 -1.9374017 0.9688977 0 P 0
L -1.9374017 0.9688977 -1.8625986 0.9688977 0 P 0
L -1.9511024 0.4325986 -1.9511024 0.5074017 0 P 0
L -1.9666929 0.063307 -1.5533071 0.063307 0 P 0
L -1.9666929 0.063307 -1.9666929 0.4766928 0 P 0
L -1.9666929 0.4766928 -1.5533071 0.4766928 0 P 0
L 1.9825986 0.8311023 1.9825986 0.9688976 0 P 0
L 1.9825986 0.8311023 2.0574017 0.8311023 0 P 0
L 1.9825986 0.9688976 2.0574017 0.9688976 0 P 0
L 2.0003151 0.8999999 2.0396852 0.8999999 0 P 0
L -2.0106299 0.5629921 -1.5893701 0.5629921 0 P 0
L 2.0106299 0.5629921 2.0106299 0.9370078 0 P 0
L -2.0106299 0.5629921 -2.0106299 0.9370078 0 P 0
L -2.0106299 0.9370078 -1.5893701 0.9370078 0 P 0
L -2.0200001 0.4503151 -2.0200001 0.4896852 0 P 0
L 2.0200001 0.8803149 2.0200001 0.919685 0 P 0
L -2.0396851 0.4700001 -2.000315 0.4700001 0 P 0
L 2.0574017 0.8311023 2.0574017 0.9688976 0 P 0
L 2.0625983 0.8311024 2.0625983 0.9688977 0 P 0
L 2.0625983 0.8311024 2.1374014 0.8311024 0 P 0
L 2.0625983 0.9688977 2.1374014 0.9688977 0 P 0
L -2.0625986 0.8311024 -2.0625986 0.9688977 0 P 0
L 2.065 -0.02 2.135 -0.02 0 P 0
L -2.065 0.025 -2.065 0.18 0 P 0
L 2.065 0.025 2.065 0.18 0 P 0
L 2.065 0.025 2.135 0.025 0 P 0
L 2.065 -0.175 2.065 -0.02 0 P 0
L -2.065 -0.175 -2.065 -0.02 0 P 0
L 2.065 -0.175 2.135 -0.175 0 P 0
L 2.065 0.18 2.135 0.18 0 P 0
L 2.065 -0.22 2.135 -0.22 0 P 0
L 2.065 0.225 2.065 0.38 0 P 0
L -2.065 0.225 -2.065 0.38 0 P 0
L 2.065 0.225 2.135 0.225 0 P 0
L 2.065 -0.375 2.065 -0.22 0 P 0
L -2.065 -0.375 -2.065 -0.22 0 P 0
L 2.065 -0.375 2.135 -0.375 0 P 0
L 2.065 0.38 2.135 0.38 0 P 0
L 2.065 -0.42 2.135 -0.42 0 P 0
L 2.065 0.425 2.065 0.58 0 P 0
L -2.065 0.425 -2.065 0.58 0 P 0
L 2.065 0.425 2.135 0.425 0 P 0
L -2.065 -0.575 -2.065 -0.42 0 P 0
L 2.065 -0.575 2.065 -0.42 0 P 0
L 2.065 -0.575 2.135 -0.575 0 P 0
L 2.065 0.58 2.135 0.58 0 P 0
L 2.065 -0.62 2.135 -0.62 0 P 0
L 2.065 0.625 2.065 0.78 0 P 0
L -2.065 0.625 -2.065 0.78 0 P 0
L 2.065 0.625 2.135 0.625 0 P 0
L -2.065 -0.775 -2.065 -0.62 0 P 0
L 2.065 -0.775 2.065 -0.62 0 P 0
L 2.065 -0.775 2.135 -0.775 0 P 0
L 2.065 0.78 2.135 0.78 0 P 0
L 2.0803148 0.9000001 2.1196849 0.9000001 0 P 0
L 2.080315 -0.1 2.1196851 -0.1 0 P 0
L 2.080315 0.1 2.1196851 0.1 0 P 0
L 2.080315 0.3 2.1196851 0.3 0 P 0
L 2.080315 -0.3 2.1196851 -0.3 0 P 0
L 2.080315 0.5 2.1196851 0.5 0 P 0
L 2.080315 -0.5 2.1196851 -0.5 0 P 0
L 2.080315 0.7 2.1196851 0.7 0 P 0
L 2.080315 -0.7 2.1196851 -0.7 0 P 0
L -2.0888977 0.4325986 -1.9511024 0.4325986 0 P 0
L -2.0888977 0.4325986 -2.0888977 0.5074017 0 P 0
L -2.0888977 0.5074017 -1.9511024 0.5074017 0 P 0
L 2.0999999 0.880315 2.0999999 0.9196851 0 P 0
L -2.1 0.0803149 -2.1 0.119685 0 P 0
L 2.1 0.0803149 2.1 0.119685 0 P 0
L 2.1 -0.1196851 2.1 -0.080315 0 P 0
L -2.1 -0.1196851 -2.1 -0.080315 0 P 0
L 2.1 0.2803149 2.1 0.319685 0 P 0
L -2.1 0.2803149 -2.1 0.319685 0 P 0
L 2.1 -0.3196851 2.1 -0.280315 0 P 0
L -2.1 -0.3196851 -2.1 -0.280315 0 P 0
L 2.1 0.4803149 2.1 0.519685 0 P 0
L -2.1 0.4803149 -2.1 0.519685 0 P 0
L -2.1 -0.5196851 -2.1 -0.480315 0 P 0
L 2.1 -0.5196851 2.1 -0.480315 0 P 0
L 2.1 0.6803149 2.1 0.719685 0 P 0
L -2.1 0.6803149 -2.1 0.719685 0 P 0
L -2.1 -0.7196851 -2.1 -0.680315 0 P 0
L 2.1 -0.7196851 2.1 -0.680315 0 P 0
L -2.1000001 0.880315 -2.1000001 0.9196851 0 P 0
L -2.119685 0.1 -2.0803149 0.1 0 P 0
L -2.119685 -0.1 -2.0803149 -0.1 0 P 0
L -2.119685 -0.3 -2.0803149 -0.3 0 P 0
L -2.119685 0.3 -2.0803149 0.3 0 P 0
L -2.119685 0.5 -2.0803149 0.5 0 P 0
L -2.119685 -0.5 -2.0803149 -0.5 0 P 0
L -2.119685 0.7 -2.0803149 0.7 0 P 0
L -2.119685 -0.7 -2.0803149 -0.7 0 P 0
L -2.1196852 0.9000001 -2.0803151 0.9000001 0 P 0
L -2.135 -0.02 -2.065 -0.02 0 P 0
L -2.135 0.025 -2.065 0.025 0 P 0
L -2.135 0.025 -2.135 0.18 0 P 0
L 2.135 0.025 2.135 0.18 0 P 0
L -2.135 -0.175 -2.065 -0.175 0 P 0
L 2.135 -0.175 2.135 -0.02 0 P 0
L -2.135 -0.175 -2.135 -0.02 0 P 0
L -2.135 0.18 -2.065 0.18 0 P 0
L -2.135 -0.22 -2.065 -0.22 0 P 0
L -2.135 0.225 -2.065 0.225 0 P 0
L 2.135 0.225 2.135 0.38 0 P 0
L -2.135 0.225 -2.135 0.38 0 P 0
L -2.135 -0.375 -2.065 -0.375 0 P 0
L 2.135 -0.375 2.135 -0.22 0 P 0
L -2.135 -0.375 -2.135 -0.22 0 P 0
L -2.135 0.38 -2.065 0.38 0 P 0
L -2.135 -0.42 -2.065 -0.42 0 P 0
L -2.135 0.425 -2.065 0.425 0 P 0
L 2.135 0.425 2.135 0.58 0 P 0
L -2.135 0.425 -2.135 0.58 0 P 0
L -2.135 -0.575 -2.065 -0.575 0 P 0
L -2.135 -0.575 -2.135 -0.42 0 P 0
L 2.135 -0.575 2.135 -0.42 0 P 0
L -2.135 0.58 -2.065 0.58 0 P 0
L -2.135 -0.62 -2.065 -0.62 0 P 0
L -2.135 0.625 -2.065 0.625 0 P 0
L 2.135 0.625 2.135 0.78 0 P 0
L -2.135 0.625 -2.135 0.78 0 P 0
L -2.135 -0.775 -2.065 -0.775 0 P 0
L -2.135 -0.775 -2.135 -0.62 0 P 0
L 2.135 -0.775 2.135 -0.62 0 P 0
L -2.135 0.78 -2.065 0.78 0 P 0
L 2.1374014 0.8311024 2.1374014 0.9688977 0 P 0
L -2.1374017 0.8311024 -2.0625986 0.8311024 0 P 0
L -2.1374017 0.8311024 -2.1374017 0.9688977 0 P 0
L -2.1374017 0.9688977 -2.0625986 0.9688977 0 P 0
L 2.1811024 0.0467716 2.3188977 0.0467716 0 P 0
L -2.1811024 0.0732284 -2.1811024 0.2267717 0 P 0
L 2.1811024 0.0932283 2.1811024 0.2467716 0 P 0
L 2.1811024 0.0932283 2.3188977 0.0932283 0 P 0
L 2.1811024 -0.1067717 2.1811024 0.0467716 0 P 0
L 2.1811024 -0.1067717 2.3188977 -0.1067717 0 P 0
L -2.1811024 -0.1267716 -2.1811024 0.0267717 0 P 0
L 2.1811024 -0.1532284 2.3188977 -0.1532284 0 P 0
L 2.1811024 0.2467716 2.3188977 0.2467716 0 P 0
L -2.1811024 0.2732284 -2.1811024 0.4267717 0 P 0
L 2.1811024 0.2932283 2.1811024 0.4467716 0 P 0
L 2.1811024 0.2932283 2.3188977 0.2932283 0 P 0
L 2.1811024 -0.3067717 2.1811024 -0.1532284 0 P 0
L 2.1811024 -0.3067717 2.3188977 -0.3067717 0 P 0
L -2.1811024 -0.3267716 -2.1811024 -0.1732283 0 P 0
L 2.1811024 -0.3532284 2.3188977 -0.3532284 0 P 0
L 2.1811024 0.4467716 2.3188977 0.4467716 0 P 0
L -2.1811024 0.4732284 -2.1811024 0.6267717 0 P 0
L 2.1811024 0.4932283 2.1811024 0.6467716 0 P 0
L 2.1811024 0.4932283 2.3188977 0.4932283 0 P 0
L 2.1811024 -0.5067717 2.1811024 -0.3532284 0 P 0
L 2.1811024 -0.5067717 2.3188977 -0.5067717 0 P 0
L -2.1811024 -0.5267716 -2.1811024 -0.3732283 0 P 0
L 2.1811024 -0.5532284 2.3188977 -0.5532284 0 P 0
L 2.1811024 0.6467716 2.3188977 0.6467716 0 P 0
L -2.1811024 0.6732284 -2.1811024 0.8267717 0 P 0
L 2.1811024 0.6932283 2.1811024 0.8467716 0 P 0
L 2.1811024 0.6932283 2.3188977 0.6932283 0 P 0
L 2.1811024 -0.7067717 2.1811024 -0.5532284 0 P 0
L 2.1811024 -0.7067717 2.3188977 -0.7067717 0 P 0
L -2.1811024 -0.7267716 -2.1811024 -0.5732283 0 P 0
L 2.1811024 0.8467716 2.3188977 0.8467716 0 P 0
L 2.230315 -0.03 2.2696851 -0.03 0 P 0
L 2.230315 0.17 2.2696851 0.17 0 P 0
L 2.230315 -0.23 2.2696851 -0.23 0 P 0
L 2.230315 0.37 2.2696851 0.37 0 P 0
L 2.230315 -0.43 2.2696851 -0.43 0 P 0
L 2.230315 0.57 2.2696851 0.57 0 P 0
L 2.230315 -0.63 2.2696851 -0.63 0 P 0
L 2.230315 0.77 2.2696851 0.77 0 P 0
L 2.25 -0.0496851 2.25 -0.010315 0 P 0
L -2.25 -0.069685 -2.25 -0.0303149 0 P 0
L -2.25 0.130315 -2.25 0.1696851 0 P 0
L 2.25 0.1503149 2.25 0.189685 0 P 0
L 2.25 -0.2496851 2.25 -0.210315 0 P 0
L -2.25 -0.269685 -2.25 -0.2303149 0 P 0
L -2.25 0.330315 -2.25 0.3696851 0 P 0
L 2.25 0.3503149 2.25 0.389685 0 P 0
L 2.25 -0.4496851 2.25 -0.410315 0 P 0
L -2.25 -0.469685 -2.25 -0.4303149 0 P 0
L -2.25 0.530315 -2.25 0.5696851 0 P 0
L 2.25 0.5503149 2.25 0.589685 0 P 0
L 2.25 -0.6496851 2.25 -0.610315 0 P 0
L -2.25 -0.669685 -2.25 -0.6303149 0 P 0
L -2.25 0.730315 -2.25 0.7696851 0 P 0
L 2.25 0.7503149 2.25 0.789685 0 P 0
L -2.2696851 -0.05 -2.230315 -0.05 0 P 0
L -2.2696851 0.15 -2.230315 0.15 0 P 0
L -2.2696851 -0.25 -2.230315 -0.25 0 P 0
L -2.2696851 0.35 -2.230315 0.35 0 P 0
L -2.2696851 -0.45 -2.230315 -0.45 0 P 0
L -2.2696851 0.55 -2.230315 0.55 0 P 0
L -2.2696851 -0.65 -2.230315 -0.65 0 P 0
L -2.2696851 0.75 -2.230315 0.75 0 P 0
L -2.3188977 0.0267717 -2.1811024 0.0267717 0 P 0
L -2.3188977 0.0732284 -2.1811024 0.0732284 0 P 0
L -2.3188977 0.0732284 -2.3188977 0.2267717 0 P 0
L 2.3188977 0.0932283 2.3188977 0.2467716 0 P 0
L 2.3188977 -0.1067717 2.3188977 0.0467716 0 P 0
L -2.3188977 -0.1267716 -2.1811024 -0.1267716 0 P 0
L -2.3188977 -0.1267716 -2.3188977 0.0267717 0 P 0
L -2.3188977 -0.1732283 -2.1811024 -0.1732283 0 P 0
L -2.3188977 0.2267717 -2.1811024 0.2267717 0 P 0
L -2.3188977 0.2732284 -2.1811024 0.2732284 0 P 0
L -2.3188977 0.2732284 -2.3188977 0.4267717 0 P 0
L 2.3188977 0.2932283 2.3188977 0.4467716 0 P 0
L 2.3188977 -0.3067717 2.3188977 -0.1532284 0 P 0
L -2.3188977 -0.3267716 -2.1811024 -0.3267716 0 P 0
L -2.3188977 -0.3267716 -2.3188977 -0.1732283 0 P 0
L -2.3188977 -0.3732283 -2.1811024 -0.3732283 0 P 0
L -2.3188977 0.4267717 -2.1811024 0.4267717 0 P 0
L -2.3188977 0.4732284 -2.1811024 0.4732284 0 P 0
L -2.3188977 0.4732284 -2.3188977 0.6267717 0 P 0
L 2.3188977 0.4932283 2.3188977 0.6467716 0 P 0
L 2.3188977 -0.5067717 2.3188977 -0.3532284 0 P 0
L -2.3188977 -0.5267716 -2.1811024 -0.5267716 0 P 0
L -2.3188977 -0.5267716 -2.3188977 -0.3732283 0 P 0
L -2.3188977 -0.5732283 -2.1811024 -0.5732283 0 P 0
L -2.3188977 0.6267717 -2.1811024 0.6267717 0 P 0
L -2.3188977 0.6732284 -2.1811024 0.6732284 0 P 0
L -2.3188977 0.6732284 -2.3188977 0.8267717 0 P 0
L 2.3188977 0.6932283 2.3188977 0.8467716 0 P 0
L 2.3188977 -0.7067717 2.3188977 -0.5532284 0 P 0
L -2.3188977 -0.7267716 -2.1811024 -0.7267716 0 P 0
L -2.3188977 -0.7267716 -2.3188977 -0.5732283 0 P 0
L -2.3188977 0.8267717 -2.1811024 0.8267717 0 P 0
L -2.3311023 0.0625986 -2.3311023 0.1374017 0 P 0
L -2.3311023 -0.1374014 -2.3311023 -0.0625983 0 P 0
L -2.3311023 0.2625986 -2.3311023 0.3374017 0 P 0
L -2.3311023 -0.3374014 -2.3311023 -0.2625983 0 P 0
L -2.3311023 0.4625986 -2.3311023 0.5374017 0 P 0
L -2.3311023 -0.5374014 -2.3311023 -0.4625983 0 P 0
L -2.3311023 0.6625986 -2.3311023 0.7374017 0 P 0
L -2.3311023 -0.7374014 -2.3311023 -0.6625983 0 P 0
L 2.3311024 -0.0625983 2.4688977 -0.0625983 0 P 0
L 2.3311024 0.0625986 2.3311024 0.1374017 0 P 0
L 2.3311024 0.0625986 2.4688977 0.0625986 0 P 0
L 2.3311024 -0.1374014 2.3311024 -0.0625983 0 P 0
L 2.3311024 -0.1374014 2.4688977 -0.1374014 0 P 0
L 2.3311024 0.1374017 2.4688977 0.1374017 0 P 0
L 2.3311024 -0.2625983 2.4688977 -0.2625983 0 P 0
L 2.3311024 0.2625986 2.3311024 0.3374017 0 P 0
L 2.3311024 0.2625986 2.4688977 0.2625986 0 P 0
L 2.3311024 -0.3374014 2.3311024 -0.2625983 0 P 0
L 2.3311024 -0.3374014 2.4688977 -0.3374014 0 P 0
L 2.3311024 0.3374017 2.4688977 0.3374017 0 P 0
L 2.3311024 -0.4625983 2.4688977 -0.4625983 0 P 0
L 2.3311024 0.4625986 2.3311024 0.5374017 0 P 0
L 2.3311024 0.4625986 2.4688977 0.4625986 0 P 0
L 2.3311024 -0.5374014 2.3311024 -0.4625983 0 P 0
L 2.3311024 -0.5374014 2.4688977 -0.5374014 0 P 0
L 2.3311024 0.5374017 2.4688977 0.5374017 0 P 0
L 2.3311024 -0.6625983 2.4688977 -0.6625983 0 P 0
L 2.3311024 0.6625986 2.3311024 0.7374017 0 P 0
L 2.3311024 0.6625986 2.4688977 0.6625986 0 P 0
L 2.3311024 -0.7374014 2.3311024 -0.6625983 0 P 0
L 2.3311024 -0.7374014 2.4688977 -0.7374014 0 P 0
L 2.3311024 0.7374017 2.4688977 0.7374017 0 P 0
L 2.380315 -0.0999999 2.4196851 -0.0999999 0 P 0
L 2.380315 0.1000001 2.4196851 0.1000001 0 P 0
L 2.380315 -0.2999999 2.4196851 -0.2999999 0 P 0
L 2.380315 0.3000001 2.4196851 0.3000001 0 P 0
L 2.380315 -0.4999999 2.4196851 -0.4999999 0 P 0
L 2.380315 0.5000001 2.4196851 0.5000001 0 P 0
L 2.380315 -0.6999999 2.4196851 -0.6999999 0 P 0
L 2.380315 0.7000001 2.4196851 0.7000001 0 P 0
L -2.3999999 0.0803151 -2.3999999 0.1196852 0 P 0
L -2.3999999 -0.1196849 -2.3999999 -0.0803148 0 P 0
L -2.3999999 0.2803151 -2.3999999 0.3196852 0 P 0
L -2.3999999 -0.3196849 -2.3999999 -0.2803148 0 P 0
L -2.3999999 0.4803151 -2.3999999 0.5196852 0 P 0
L -2.3999999 -0.5196849 -2.3999999 -0.4803148 0 P 0
L -2.3999999 0.6803151 -2.3999999 0.7196852 0 P 0
L -2.3999999 -0.7196849 -2.3999999 -0.6803148 0 P 0
L 2.4000001 0.0803151 2.4000001 0.1196852 0 P 0
L 2.4000001 -0.1196849 2.4000001 -0.0803148 0 P 0
L 2.4000001 0.2803151 2.4000001 0.3196852 0 P 0
L 2.4000001 -0.3196849 2.4000001 -0.2803148 0 P 0
L 2.4000001 0.4803151 2.4000001 0.5196852 0 P 0
L 2.4000001 -0.5196849 2.4000001 -0.4803148 0 P 0
L 2.4000001 0.6803151 2.4000001 0.7196852 0 P 0
L 2.4000001 -0.7196849 2.4000001 -0.6803148 0 P 0
L -2.419685 -0.0999999 -2.3803149 -0.0999999 0 P 0
L -2.419685 0.1000001 -2.3803149 0.1000001 0 P 0
L -2.419685 -0.2999999 -2.3803149 -0.2999999 0 P 0
L -2.419685 0.3000001 -2.3803149 0.3000001 0 P 0
L -2.419685 -0.4999999 -2.3803149 -0.4999999 0 P 0
L -2.419685 0.5000001 -2.3803149 0.5000001 0 P 0
L -2.419685 -0.6999999 -2.3803149 -0.6999999 0 P 0
L -2.419685 0.7000001 -2.3803149 0.7000001 0 P 0
L -2.4688976 -0.0625983 -2.3311023 -0.0625983 0 P 0
L -2.4688976 0.0625986 -2.3311023 0.0625986 0 P 0
L -2.4688976 0.0625986 -2.4688976 0.1374017 0 P 0
L -2.4688976 -0.1374014 -2.3311023 -0.1374014 0 P 0
L -2.4688976 -0.1374014 -2.4688976 -0.0625983 0 P 0
L -2.4688976 0.1374017 -2.3311023 0.1374017 0 P 0
L -2.4688976 -0.2625983 -2.3311023 -0.2625983 0 P 0
L -2.4688976 0.2625986 -2.3311023 0.2625986 0 P 0
L -2.4688976 0.2625986 -2.4688976 0.3374017 0 P 0
L -2.4688976 -0.3374014 -2.3311023 -0.3374014 0 P 0
L -2.4688976 -0.3374014 -2.4688976 -0.2625983 0 P 0
L -2.4688976 0.3374017 -2.3311023 0.3374017 0 P 0
L -2.4688976 -0.4625983 -2.3311023 -0.4625983 0 P 0
L -2.4688976 0.4625986 -2.3311023 0.4625986 0 P 0
L -2.4688976 0.4625986 -2.4688976 0.5374017 0 P 0
L -2.4688976 -0.5374014 -2.3311023 -0.5374014 0 P 0
L -2.4688976 -0.5374014 -2.4688976 -0.4625983 0 P 0
L -2.4688976 0.5374017 -2.3311023 0.5374017 0 P 0
L -2.4688976 -0.6625983 -2.3311023 -0.6625983 0 P 0
L -2.4688976 0.6625986 -2.3311023 0.6625986 0 P 0
L -2.4688976 0.6625986 -2.4688976 0.7374017 0 P 0
L -2.4688976 -0.7374014 -2.3311023 -0.7374014 0 P 0
L -2.4688976 -0.7374014 -2.4688976 -0.6625983 0 P 0
L -2.4688976 0.7374017 -2.3311023 0.7374017 0 P 0
L 2.4688977 0.0625986 2.4688977 0.1374017 0 P 0
L 2.4688977 -0.1374014 2.4688977 -0.0625983 0 P 0
L 2.4688977 0.2625986 2.4688977 0.3374017 0 P 0
L 2.4688977 -0.3374014 2.4688977 -0.2625983 0 P 0
L 2.4688977 0.4625986 2.4688977 0.5374017 0 P 0
L 2.4688977 -0.5374014 2.4688977 -0.4625983 0 P 0
L 2.4688977 0.6625986 2.4688977 0.7374017 0 P 0
L 2.4688977 -0.7374014 2.4688977 -0.6625983 0 P 0
