#Layer_Color=16711935
#
#Feature symbol names
#
$0 r3.937

#
#Feature attribute names
#

#
#Layer features
#
A 2.0488189 2.1287402 2.0488189 2.1287402 2.0291339 2.1287402 0 P 0 N
A 2.2338582 1.9888189 2.2338582 1.9888189 2.2141732 1.9888189 0 P 0 N
A 2.6355511 2.0362598 2.6355511 2.0362598 2.6158661 2.0362598 0 P 0 N
A 2.664685 2.384685 2.664685 2.384685 2.645 2.384685 0 P 0 N
A 5.544685 2.384685 5.544685 2.384685 5.525 2.384685 0 P 0 N
A 5.9155511 1.9462598 5.9155511 1.9462598 5.8958661 1.9462598 0 P 0 N
L 1.8334251 1.3586614 1.8334251 1.4413386 0 P 0
L 1.8334251 1.3586614 1.8865748 1.3586614 0 P 0
L 1.8334251 1.4413386 1.8865748 1.4413386 0 P 0
L 1.8334251 1.5586614 1.8334251 1.6413386 0 P 0
L 1.8334251 1.5586614 1.8865748 1.5586614 0 P 0
L 1.8334251 1.6413386 1.8865748 1.6413386 0 P 0
L 1.8334251 1.7586614 1.8334251 1.8413386 0 P 0
L 1.8334251 1.7586614 1.8865748 1.7586614 0 P 0
L 1.8334251 1.8413386 1.8865748 1.8413386 0 P 0
L 1.8334251 1.9586614 1.8334251 2.0413386 0 P 0
L 1.8334251 1.9586614 1.8865748 1.9586614 0 P 0
L 1.8334251 2.0413386 1.8865748 2.0413386 0 P 0
L 1.8334251 2.1586614 1.8334251 2.2413386 0 P 0
L 1.8334251 2.1586614 1.8865748 2.1586614 0 P 0
L 1.8334251 2.2413386 1.8865748 2.2413386 0 P 0
L 1.8334251 2.3586614 1.8334251 2.4413386 0 P 0
L 1.8334251 2.3586614 1.8865748 2.3586614 0 P 0
L 1.8334251 2.4413386 1.8865748 2.4413386 0 P 0
L 1.8334251 2.5586614 1.8334251 2.6413386 0 P 0
L 1.8334251 2.5586614 1.8865748 2.5586614 0 P 0
L 1.8334251 2.6413386 1.8865748 2.6413386 0 P 0
L 1.8334251 2.7586614 1.8334251 2.8413386 0 P 0
L 1.8334251 2.7586614 1.8865748 2.7586614 0 P 0
L 1.8334251 2.8413386 1.8865748 2.8413386 0 P 0
L 1.8865748 1.3586614 1.8865748 1.4413386 0 P 0
L 1.8865748 1.5586614 1.8865748 1.6413386 0 P 0
L 1.8865748 1.7586614 1.8865748 1.8413386 0 P 0
L 1.8865748 1.9586614 1.8865748 2.0413386 0 P 0
L 1.8865748 2.1586614 1.8865748 2.2413386 0 P 0
L 1.8865748 2.3586614 1.8865748 2.4413386 0 P 0
L 1.8865748 2.5586614 1.8865748 2.6413386 0 P 0
L 1.8865748 2.7586614 1.8865748 2.8413386 0 P 0
L 1.9503936 1.555748 1.9503936 2.024252 0 P 0
L 1.9503936 1.555748 2.2496062 1.555748 0 P 0
L 1.9503936 2.024252 2.2496062 2.024252 0 P 0
L 1.9937009 2.0933071 1.9937009 2.5066929 0 P 0
L 1.9937009 2.0933071 2.2062993 2.0933071 0 P 0
L 1.9937009 2.5066929 2.2062993 2.5066929 0 P 0
L 2.0334251 1.3586614 2.0334251 1.4413386 0 P 0
L 2.0334251 1.3586614 2.0865748 1.3586614 0 P 0
L 2.0334251 1.4413386 2.0865748 1.4413386 0 P 0
L 2.0334251 1.5586614 2.0334251 1.6413386 0 P 0
L 2.0334251 1.5586614 2.0865748 1.5586614 0 P 0
L 2.0334251 1.6413386 2.0865748 1.6413386 0 P 0
L 2.0334251 1.7586614 2.0334251 1.8413386 0 P 0
L 2.0334251 1.7586614 2.0865748 1.7586614 0 P 0
L 2.0334251 1.8413386 2.0865748 1.8413386 0 P 0
L 2.0334251 1.9586614 2.0334251 2.0413386 0 P 0
L 2.0334251 1.9586614 2.0865748 1.9586614 0 P 0
L 2.0334251 2.0413386 2.0865748 2.0413386 0 P 0
L 2.0334251 2.1586614 2.0334251 2.2413386 0 P 0
L 2.0334251 2.1586614 2.0865748 2.1586614 0 P 0
L 2.0334251 2.2413386 2.0865748 2.2413386 0 P 0
L 2.0334251 2.3586614 2.0334251 2.4413386 0 P 0
L 2.0334251 2.3586614 2.0865748 2.3586614 0 P 0
L 2.0334251 2.4413386 2.0865748 2.4413386 0 P 0
L 2.0334251 2.5586614 2.0334251 2.6413386 0 P 0
L 2.0334251 2.5586614 2.0865748 2.5586614 0 P 0
L 2.0334251 2.6413386 2.0865748 2.6413386 0 P 0
L 2.0334251 2.7586614 2.0334251 2.8413386 0 P 0
L 2.0334251 2.7586614 2.0865748 2.7586614 0 P 0
L 2.0334251 2.8413386 2.0865748 2.8413386 0 P 0
L 2.0576772 2.522441 2.0576772 2.5775591 0 P 0
L 2.0576772 2.522441 2.1423229 2.522441 0 P 0
L 2.0576772 2.5775591 2.1423229 2.5775591 0 P 0
L 2.0865748 1.3586614 2.0865748 1.4413386 0 P 0
L 2.0865748 1.5586614 2.0865748 1.6413386 0 P 0
L 2.0865748 1.7586614 2.0865748 1.8413386 0 P 0
L 2.0865748 1.9586614 2.0865748 2.0413386 0 P 0
L 2.0865748 2.1586614 2.0865748 2.2413386 0 P 0
L 2.0865748 2.3586614 2.0865748 2.4413386 0 P 0
L 2.0865748 2.5586614 2.0865748 2.6413386 0 P 0
L 2.0865748 2.7586614 2.0865748 2.8413386 0 P 0
L 2.1423229 2.522441 2.1423229 2.5775591 0 P 0
L 2.2062993 2.0933071 2.2062993 2.5066929 0 P 0
L 2.2334251 1.3586614 2.2334251 1.4413386 0 P 0
L 2.2334251 1.3586614 2.2865748 1.3586614 0 P 0
L 2.2334251 1.4413386 2.2865748 1.4413386 0 P 0
L 2.2334251 1.5586614 2.2334251 1.6413386 0 P 0
L 2.2334251 1.5586614 2.2865748 1.5586614 0 P 0
L 2.2334251 1.6413386 2.2865748 1.6413386 0 P 0
L 2.2334251 1.7586614 2.2334251 1.8413386 0 P 0
L 2.2334251 1.7586614 2.2865748 1.7586614 0 P 0
L 2.2334251 1.8413386 2.2865748 1.8413386 0 P 0
L 2.2334251 1.9586614 2.2334251 2.0413386 0 P 0
L 2.2334251 1.9586614 2.2865748 1.9586614 0 P 0
L 2.2334251 2.0413386 2.2865748 2.0413386 0 P 0
L 2.2334251 2.1586614 2.2334251 2.2413386 0 P 0
L 2.2334251 2.1586614 2.2865748 2.1586614 0 P 0
L 2.2334251 2.2413386 2.2865748 2.2413386 0 P 0
L 2.2334251 2.3586614 2.2334251 2.4413386 0 P 0
L 2.2334251 2.3586614 2.2865748 2.3586614 0 P 0
L 2.2334251 2.4413386 2.2865748 2.4413386 0 P 0
L 2.2334251 2.5586614 2.2334251 2.6413386 0 P 0
L 2.2334251 2.5586614 2.2865748 2.5586614 0 P 0
L 2.2334251 2.6413386 2.2865748 2.6413386 0 P 0
L 2.2334251 2.7586614 2.2334251 2.8413386 0 P 0
L 2.2334251 2.7586614 2.2865748 2.7586614 0 P 0
L 2.2334251 2.8413386 2.2865748 2.8413386 0 P 0
L 2.2496062 1.555748 2.2496062 2.024252 0 P 0
L 2.2865748 1.3586614 2.2865748 1.4413386 0 P 0
L 2.2865748 1.5586614 2.2865748 1.6413386 0 P 0
L 2.2865748 1.7586614 2.2865748 1.8413386 0 P 0
L 2.2865748 1.9586614 2.2865748 2.0413386 0 P 0
L 2.2865748 2.1586614 2.2865748 2.2413386 0 P 0
L 2.2865748 2.3586614 2.2865748 2.4413386 0 P 0
L 2.2865748 2.5586614 2.2865748 2.6413386 0 P 0
L 2.2865748 2.7586614 2.2865748 2.8413386 0 P 0
L 2.4334251 1.3586614 2.4334251 1.4413386 0 P 0
L 2.4334251 1.3586614 2.4865748 1.3586614 0 P 0
L 2.4334251 1.4413386 2.4865748 1.4413386 0 P 0
L 2.4334251 1.5586614 2.4334251 1.6413386 0 P 0
L 2.4334251 1.5586614 2.4865748 1.5586614 0 P 0
L 2.4334251 1.6413386 2.4865748 1.6413386 0 P 0
L 2.4334251 1.7586614 2.4334251 1.8413386 0 P 0
L 2.4334251 1.7586614 2.4865748 1.7586614 0 P 0
L 2.4334251 1.8413386 2.4865748 1.8413386 0 P 0
L 2.4334251 1.9586614 2.4334251 2.0413386 0 P 0
L 2.4334251 1.9586614 2.4865748 1.9586614 0 P 0
L 2.4334251 2.0413386 2.4865748 2.0413386 0 P 0
L 2.4334251 2.1586614 2.4334251 2.2413386 0 P 0
L 2.4334251 2.1586614 2.4865748 2.1586614 0 P 0
L 2.4334251 2.2413386 2.4865748 2.2413386 0 P 0
L 2.4334251 2.3586614 2.4334251 2.4413386 0 P 0
L 2.4334251 2.3586614 2.4865748 2.3586614 0 P 0
L 2.4334251 2.4413386 2.4865748 2.4413386 0 P 0
L 2.4334251 2.5586614 2.4334251 2.6413386 0 P 0
L 2.4334251 2.5586614 2.4865748 2.5586614 0 P 0
L 2.4334251 2.6413386 2.4865748 2.6413386 0 P 0
L 2.4334251 2.7586614 2.4334251 2.8413386 0 P 0
L 2.4334251 2.7586614 2.4865748 2.7586614 0 P 0
L 2.4334251 2.8413386 2.4865748 2.8413386 0 P 0
L 2.4387007 1.6583071 2.4387007 2.0716929 0 P 0
L 2.4387007 1.6583071 2.6512991 1.6583071 0 P 0
L 2.4387007 2.0716929 2.6512991 2.0716929 0 P 0
L 2.4865748 1.3586614 2.4865748 1.4413386 0 P 0
L 2.4865748 1.5586614 2.4865748 1.6413386 0 P 0
L 2.4865748 1.7586614 2.4865748 1.8413386 0 P 0
L 2.4865748 1.9586614 2.4865748 2.0413386 0 P 0
L 2.4865748 2.1586614 2.4865748 2.2413386 0 P 0
L 2.4865748 2.3586614 2.4865748 2.4413386 0 P 0
L 2.4865748 2.5586614 2.4865748 2.6413386 0 P 0
L 2.4865748 2.7586614 2.4865748 2.8413386 0 P 0
L 2.5 2.225 2.5 2.375 0 P 0
L 2.5 2.225 2.62 2.225 0 P 0
L 2.5 2.375 2.62 2.375 0 P 0
L 2.62 2.225 2.62 2.375 0 P 0
L 2.6334251 1.3586614 2.6334251 1.4413386 0 P 0
L 2.6334251 1.3586614 2.6865748 1.3586614 0 P 0
L 2.6334251 1.4413386 2.6865748 1.4413386 0 P 0
L 2.6334251 1.5586614 2.6334251 1.6413386 0 P 0
L 2.6334251 1.5586614 2.6865748 1.5586614 0 P 0
L 2.6334251 1.6413386 2.6865748 1.6413386 0 P 0
L 2.6334251 1.7586614 2.6334251 1.8413386 0 P 0
L 2.6334251 1.7586614 2.6865748 1.7586614 0 P 0
L 2.6334251 1.8413386 2.6865748 1.8413386 0 P 0
L 2.6334251 1.9586614 2.6334251 2.0413386 0 P 0
L 2.6334251 1.9586614 2.6865748 1.9586614 0 P 0
L 2.6334251 2.0413386 2.6865748 2.0413386 0 P 0
L 2.6334251 2.1586614 2.6334251 2.2413386 0 P 0
L 2.6334251 2.1586614 2.6865748 2.1586614 0 P 0
L 2.6334251 2.2413386 2.6865748 2.2413386 0 P 0
L 2.6334251 2.3586614 2.6334251 2.4413386 0 P 0
L 2.6334251 2.3586614 2.6865748 2.3586614 0 P 0
L 2.6334251 2.4413386 2.6865748 2.4413386 0 P 0
L 2.6334251 2.5586614 2.6334251 2.6413386 0 P 0
L 2.6334251 2.5586614 2.6865748 2.5586614 0 P 0
L 2.6334251 2.6413386 2.6865748 2.6413386 0 P 0
L 2.6334251 2.7586614 2.6334251 2.8413386 0 P 0
L 2.6334251 2.7586614 2.6865748 2.7586614 0 P 0
L 2.6334251 2.8413386 2.6865748 2.8413386 0 P 0
L 2.6512991 1.6583071 2.6512991 2.0716929 0 P 0
L 2.6865748 1.3586614 2.6865748 1.4413386 0 P 0
L 2.6865748 1.5586614 2.6865748 1.6413386 0 P 0
L 2.6865748 1.7586614 2.6865748 1.8413386 0 P 0
L 2.6865748 1.9586614 2.6865748 2.0413386 0 P 0
L 2.6865748 2.1586614 2.6865748 2.2413386 0 P 0
L 2.6865748 2.3586614 2.6865748 2.4413386 0 P 0
L 2.6865748 2.5586614 2.6865748 2.6413386 0 P 0
L 2.6865748 2.7586614 2.6865748 2.8413386 0 P 0
L 2.8334251 1.3586614 2.8334251 1.4413386 0 P 0
L 2.8334251 1.3586614 2.8865748 1.3586614 0 P 0
L 2.8334251 1.4413386 2.8865748 1.4413386 0 P 0
L 2.8334251 1.5586614 2.8334251 1.6413386 0 P 0
L 2.8334251 1.5586614 2.8865748 1.5586614 0 P 0
L 2.8334251 1.6413386 2.8865748 1.6413386 0 P 0
L 2.8334251 1.7586614 2.8334251 1.8413386 0 P 0
L 2.8334251 1.7586614 2.8865748 1.7586614 0 P 0
L 2.8334251 1.8413386 2.8865748 1.8413386 0 P 0
L 2.8334251 1.9586614 2.8334251 2.0413386 0 P 0
L 2.8334251 1.9586614 2.8865748 1.9586614 0 P 0
L 2.8334251 2.0413386 2.8865748 2.0413386 0 P 0
L 2.8334251 2.1586614 2.8334251 2.2413386 0 P 0
L 2.8334251 2.1586614 2.8865748 2.1586614 0 P 0
L 2.8334251 2.2413386 2.8865748 2.2413386 0 P 0
L 2.8334251 2.3586614 2.8334251 2.4413386 0 P 0
L 2.8334251 2.3586614 2.8865748 2.3586614 0 P 0
L 2.8334251 2.4413386 2.8865748 2.4413386 0 P 0
L 2.8334251 2.5586614 2.8334251 2.6413386 0 P 0
L 2.8334251 2.5586614 2.8865748 2.5586614 0 P 0
L 2.8334251 2.6413386 2.8865748 2.6413386 0 P 0
L 2.8334251 2.7586614 2.8334251 2.8413386 0 P 0
L 2.8334251 2.7586614 2.8865748 2.7586614 0 P 0
L 2.8334251 2.8413386 2.8865748 2.8413386 0 P 0
L 2.8865748 1.3586614 2.8865748 1.4413386 0 P 0
L 2.8865748 1.5586614 2.8865748 1.6413386 0 P 0
L 2.8865748 1.7586614 2.8865748 1.8413386 0 P 0
L 2.8865748 1.9586614 2.8865748 2.0413386 0 P 0
L 2.8865748 2.1586614 2.8865748 2.2413386 0 P 0
L 2.8865748 2.3586614 2.8865748 2.4413386 0 P 0
L 2.8865748 2.5586614 2.8865748 2.6413386 0 P 0
L 2.8865748 2.7586614 2.8865748 2.8413386 0 P 0
L 3.0334251 1.3586614 3.0334251 1.4413386 0 P 0
L 3.0334251 1.3586614 3.0865748 1.3586614 0 P 0
L 3.0334251 1.4413386 3.0865748 1.4413386 0 P 0
L 3.0334251 1.5586614 3.0334251 1.6413386 0 P 0
L 3.0334251 1.5586614 3.0865748 1.5586614 0 P 0
L 3.0334251 1.6413386 3.0865748 1.6413386 0 P 0
L 3.0334251 1.7586614 3.0334251 1.8413386 0 P 0
L 3.0334251 1.7586614 3.0865748 1.7586614 0 P 0
L 3.0334251 1.8413386 3.0865748 1.8413386 0 P 0
L 3.0334251 1.9586614 3.0334251 2.0413386 0 P 0
L 3.0334251 1.9586614 3.0865748 1.9586614 0 P 0
L 3.0334251 2.0413386 3.0865748 2.0413386 0 P 0
L 3.0334251 2.1586614 3.0334251 2.2413386 0 P 0
L 3.0334251 2.1586614 3.0865748 2.1586614 0 P 0
L 3.0334251 2.2413386 3.0865748 2.2413386 0 P 0
L 3.0334251 2.3586614 3.0334251 2.4413386 0 P 0
L 3.0334251 2.3586614 3.0865748 2.3586614 0 P 0
L 3.0334251 2.4413386 3.0865748 2.4413386 0 P 0
L 3.0334251 2.5586614 3.0334251 2.6413386 0 P 0
L 3.0334251 2.5586614 3.0865748 2.5586614 0 P 0
L 3.0334251 2.6413386 3.0865748 2.6413386 0 P 0
L 3.0334251 2.7586614 3.0334251 2.8413386 0 P 0
L 3.0334251 2.7586614 3.0865748 2.7586614 0 P 0
L 3.0334251 2.8413386 3.0865748 2.8413386 0 P 0
L 3.0865748 1.3586614 3.0865748 1.4413386 0 P 0
L 3.0865748 1.5586614 3.0865748 1.6413386 0 P 0
L 3.0865748 1.7586614 3.0865748 1.8413386 0 P 0
L 3.0865748 1.9586614 3.0865748 2.0413386 0 P 0
L 3.0865748 2.1586614 3.0865748 2.2413386 0 P 0
L 3.0865748 2.3586614 3.0865748 2.4413386 0 P 0
L 3.0865748 2.5586614 3.0865748 2.6413386 0 P 0
L 3.0865748 2.7586614 3.0865748 2.8413386 0 P 0
L 3.2334251 1.3586614 3.2334251 1.4413386 0 P 0
L 3.2334251 1.3586614 3.2865748 1.3586614 0 P 0
L 3.2334251 1.4413386 3.2865748 1.4413386 0 P 0
L 3.2334251 1.5586614 3.2334251 1.6413386 0 P 0
L 3.2334251 1.5586614 3.2865748 1.5586614 0 P 0
L 3.2334251 1.6413386 3.2865748 1.6413386 0 P 0
L 3.2334251 1.7586614 3.2334251 1.8413386 0 P 0
L 3.2334251 1.7586614 3.2865748 1.7586614 0 P 0
L 3.2334251 1.8413386 3.2865748 1.8413386 0 P 0
L 3.2334251 1.9586614 3.2334251 2.0413386 0 P 0
L 3.2334251 1.9586614 3.2865748 1.9586614 0 P 0
L 3.2334251 2.0413386 3.2865748 2.0413386 0 P 0
L 3.2334251 2.1586614 3.2334251 2.2413386 0 P 0
L 3.2334251 2.1586614 3.2865748 2.1586614 0 P 0
L 3.2334251 2.2413386 3.2865748 2.2413386 0 P 0
L 3.2334251 2.3586614 3.2334251 2.4413386 0 P 0
L 3.2334251 2.3586614 3.2865748 2.3586614 0 P 0
L 3.2334251 2.4413386 3.2865748 2.4413386 0 P 0
L 3.2334251 2.5586614 3.2334251 2.6413386 0 P 0
L 3.2334251 2.5586614 3.2865748 2.5586614 0 P 0
L 3.2334251 2.6413386 3.2865748 2.6413386 0 P 0
L 3.2334251 2.7586614 3.2334251 2.8413386 0 P 0
L 3.2334251 2.7586614 3.2865748 2.7586614 0 P 0
L 3.2334251 2.8413386 3.2865748 2.8413386 0 P 0
L 3.2624411 2.7726772 3.2624411 2.8573229 0 P 0
L 3.2624411 2.7726772 3.3175592 2.7726773 0 P 0
L 3.2624411 2.8573229 3.3175592 2.8573229 0 P 0
L 3.2865748 1.3586614 3.2865748 1.4413386 0 P 0
L 3.2865748 1.5586614 3.2865748 1.6413386 0 P 0
L 3.2865748 1.7586614 3.2865748 1.8413386 0 P 0
L 3.2865748 1.9586614 3.2865748 2.0413386 0 P 0
L 3.2865748 2.1586614 3.2865748 2.2413386 0 P 0
L 3.2865748 2.3586614 3.2865748 2.4413386 0 P 0
L 3.2865748 2.5586614 3.2865748 2.6413386 0 P 0
L 3.2865748 2.7586614 3.2865748 2.8413386 0 P 0
L 3.3175592 2.7726773 3.3175592 2.8573229 0 P 0
L 3.3374408 2.7726771 3.3374408 2.8573227 0 P 0
L 3.3374408 2.7726771 3.3925589 2.7726771 0 P 0
L 3.3374408 2.8573227 3.3925589 2.8573228 0 P 0
L 3.3925589 2.7726771 3.3925589 2.8573228 0 P 0
L 3.412677 2.377441 3.4126771 2.4325591 0 P 0
L 3.412677 2.377441 3.4973228 2.377441 0 P 0
L 3.4126771 2.4325591 3.4973228 2.4325591 0 P 0
L 3.4574408 2.7726771 3.4574408 2.8573228 0 P 0
L 3.4574408 2.7726771 3.5125589 2.7726771 0 P 0
L 3.4574408 2.8573228 3.5125589 2.8573228 0 P 0
L 3.4973228 2.377441 3.4973228 2.4325591 0 P 0
L 3.5125589 2.7726771 3.5125589 2.8573228 0 P 0
L 3.5324408 2.7726771 3.5324408 2.8573228 0 P 0
L 3.5324408 2.7726771 3.5875589 2.7726771 0 P 0
L 3.5324408 2.8573228 3.5875589 2.8573228 0 P 0
L 3.5875589 2.7726771 3.5875589 2.8573228 0 P 0
L 3.6674408 1.5883611 3.6674409 1.5037154 0 P 0
L 3.6674408 1.5883611 3.7225589 1.5883612 0 P 0
L 3.6674408 1.6437155 3.6674408 1.7283611 0 P 0
L 3.6674408 1.6437155 3.7225589 1.6437155 0 P 0
L 3.6674408 1.7283611 3.7225589 1.7283613 0 P 0
L 3.6674409 1.5037154 3.7225589 1.5037156 0 P 0
L 3.6674411 1.7837156 3.6674411 1.8683613 0 P 0
L 3.6674411 1.7837156 3.7225592 1.7837157 0 P 0
L 3.6674411 1.8683613 3.7225592 1.8683613 0 P 0
L 3.7225589 1.5037156 3.7225589 1.5883612 0 P 0
L 3.7225589 1.6437155 3.7225589 1.7283613 0 P 0
L 3.7225592 1.7837157 3.7225592 1.8683613 0 P 0
L 3.7424408 1.4337155 3.7424408 1.5183611 0 P 0
L 3.7424408 1.4337155 3.7975589 1.4337155 0 P 0
L 3.7424408 1.5183611 3.7975589 1.5183612 0 P 0
L 3.7424408 1.5737155 3.7424408 1.6583611 0 P 0
L 3.7424408 1.5737155 3.797559 1.5737154 0 P 0
L 3.7424408 1.6583611 3.7975589 1.6583612 0 P 0
L 3.7424408 1.7137155 3.7424408 1.7983611 0 P 0
L 3.7424408 1.7137155 3.7975589 1.7137155 0 P 0
L 3.7424408 1.7983611 3.7975589 1.7983612 0 P 0
L 3.7424408 1.8537155 3.7424408 1.9383611 0 P 0
L 3.7424408 1.8537155 3.797559 1.8537154 0 P 0
L 3.7424408 1.9383611 3.7975589 1.9383612 0 P 0
L 3.7975589 1.4337155 3.7975589 1.5183612 0 P 0
L 3.7975589 1.6583612 3.797559 1.5737154 0 P 0
L 3.7975589 1.7137155 3.7975589 1.7983612 0 P 0
L 3.7975589 1.9383612 3.797559 1.8537154 0 P 0
L 4.202441 2.8026772 4.202441 2.887323 0 P 0
L 4.202441 2.8026772 4.2575591 2.8026772 0 P 0
L 4.202441 2.887323 4.2575591 2.8873229 0 P 0
L 4.222441 1.932677 4.222441 2.0173228 0 P 0
L 4.222441 1.932677 4.277559 1.9326771 0 P 0
L 4.222441 2.0173228 4.2775591 2.0173228 0 P 0
L 4.2575591 2.8026772 4.2575591 2.8873229 0 P 0
L 4.277559 1.9326771 4.2775591 2.0173228 0 P 0
L 4.6726772 2.8725589 4.6726773 2.8174408 0 P 0
L 4.6726772 2.8725589 4.7573229 2.8725589 0 P 0
L 4.6726773 2.8174408 4.7573229 2.8174408 0 P 0
L 4.7134252 1.3586614 4.7134252 1.4413386 0 P 0
L 4.7134252 1.3586614 4.7665749 1.3586614 0 P 0
L 4.7134252 1.4413386 4.7665749 1.4413386 0 P 0
L 4.7134252 1.5586614 4.7134252 1.6413386 0 P 0
L 4.7134252 1.5586614 4.7665749 1.5586614 0 P 0
L 4.7134252 1.6413386 4.7665749 1.6413386 0 P 0
L 4.7134252 1.7586614 4.7134252 1.8413386 0 P 0
L 4.7134252 1.7586614 4.7665749 1.7586614 0 P 0
L 4.7134252 1.8413386 4.7665749 1.8413386 0 P 0
L 4.7134252 1.9586614 4.7134252 2.0413386 0 P 0
L 4.7134252 1.9586614 4.7665749 1.9586614 0 P 0
L 4.7134252 2.0413386 4.7665749 2.0413386 0 P 0
L 4.7134252 2.1586614 4.7134252 2.2413386 0 P 0
L 4.7134252 2.1586614 4.7665749 2.1586614 0 P 0
L 4.7134252 2.2413386 4.7665749 2.2413386 0 P 0
L 4.7134252 2.3586614 4.7134252 2.4413386 0 P 0
L 4.7134252 2.3586614 4.7665749 2.3586614 0 P 0
L 4.7134252 2.4413386 4.7665749 2.4413386 0 P 0
L 4.7134252 2.5586614 4.7134252 2.6413386 0 P 0
L 4.7134252 2.5586614 4.7665749 2.5586614 0 P 0
L 4.7134252 2.6413386 4.7665749 2.6413386 0 P 0
L 4.7134252 2.7586614 4.7134252 2.8413386 0 P 0
L 4.7134252 2.7586614 4.7665749 2.7586614 0 P 0
L 4.7134252 2.8413386 4.7665749 2.8413386 0 P 0
L 4.7573229 2.8174408 4.7573229 2.8725589 0 P 0
L 4.7665749 1.3586614 4.7665749 1.4413386 0 P 0
L 4.7665749 1.5586614 4.7665749 1.6413386 0 P 0
L 4.7665749 1.7586614 4.7665749 1.8413386 0 P 0
L 4.7665749 1.9586614 4.7665749 2.0413386 0 P 0
L 4.7665749 2.1586614 4.7665749 2.2413386 0 P 0
L 4.7665749 2.3586614 4.7665749 2.4413386 0 P 0
L 4.7665749 2.5586614 4.7665749 2.6413386 0 P 0
L 4.7665749 2.7586614 4.7665749 2.8413386 0 P 0
L 4.8136614 2.8184252 4.8136614 2.8715749 0 P 0
L 4.8136614 2.8184252 4.8963386 2.8184252 0 P 0
L 4.8136614 2.8715749 4.8963386 2.8715749 0 P 0
L 4.8963386 2.8184252 4.8963386 2.8715749 0 P 0
L 4.9134252 1.3586614 4.9134252 1.4413386 0 P 0
L 4.9134252 1.3586614 4.9665749 1.3586614 0 P 0
L 4.9134252 1.4413386 4.9665749 1.4413386 0 P 0
L 4.9134252 1.5586614 4.9134252 1.6413386 0 P 0
L 4.9134252 1.5586614 4.9665749 1.5586614 0 P 0
L 4.9134252 1.6413386 4.9665749 1.6413386 0 P 0
L 4.9134252 1.7586614 4.9134252 1.8413386 0 P 0
L 4.9134252 1.7586614 4.9665749 1.7586614 0 P 0
L 4.9134252 1.8413386 4.9665749 1.8413386 0 P 0
L 4.9134252 1.9586614 4.9134252 2.0413386 0 P 0
L 4.9134252 1.9586614 4.9665749 1.9586614 0 P 0
L 4.9134252 2.0413386 4.9665749 2.0413386 0 P 0
L 4.9134252 2.1586614 4.9134252 2.2413386 0 P 0
L 4.9134252 2.1586614 4.9665749 2.1586614 0 P 0
L 4.9134252 2.2413386 4.9665749 2.2413386 0 P 0
L 4.9134252 2.3586614 4.9134252 2.4413386 0 P 0
L 4.9134252 2.3586614 4.9665749 2.3586614 0 P 0
L 4.9134252 2.4413386 4.9665749 2.4413386 0 P 0
L 4.9134252 2.5586614 4.9134252 2.6413386 0 P 0
L 4.9134252 2.5586614 4.9665749 2.5586614 0 P 0
L 4.9134252 2.6413386 4.9665749 2.6413386 0 P 0
L 4.9134252 2.7586614 4.9134252 2.8413386 0 P 0
L 4.9134252 2.7586614 4.9665749 2.7586614 0 P 0
L 4.9134252 2.8413386 4.9665749 2.8413386 0 P 0
L 4.9586614 2.7184251 4.9586614 2.7715748 0 P 0
L 4.9586614 2.7184251 5.0413386 2.7184251 0 P 0
L 4.9586614 2.7715748 5.0413386 2.7715748 0 P 0
L 4.9586614 2.8184251 4.9586614 2.8715748 0 P 0
L 4.9586614 2.8184251 5.0413386 2.8184251 0 P 0
L 4.9586614 2.8715748 5.0413386 2.8715748 0 P 0
L 4.9665749 1.3586614 4.9665749 1.4413386 0 P 0
L 4.9665749 1.5586614 4.9665749 1.6413386 0 P 0
L 4.9665749 1.7586614 4.9665749 1.8413386 0 P 0
L 4.9665749 1.9586614 4.9665749 2.0413386 0 P 0
L 4.9665749 2.1586614 4.9665749 2.2413386 0 P 0
L 4.9665749 2.3586614 4.9665749 2.4413386 0 P 0
L 4.9665749 2.5586614 4.9665749 2.6413386 0 P 0
L 4.9665749 2.7586614 4.9665749 2.8413386 0 P 0
L 5.0413386 2.7184251 5.0413386 2.7715748 0 P 0
L 5.0413386 2.8184251 5.0413386 2.8715748 0 P 0
L 5.112677 2.772559 5.1126771 2.7174409 0 P 0
L 5.112677 2.772559 5.1973228 2.772559 0 P 0
L 5.1126771 2.7174409 5.1973228 2.7174409 0 P 0
L 5.1126772 2.817441 5.1126772 2.8725591 0 P 0
L 5.1126772 2.817441 5.1973229 2.817441 0 P 0
L 5.1126772 2.8725591 5.1973229 2.8725591 0 P 0
L 5.1134252 1.3586614 5.1134252 1.4413386 0 P 0
L 5.1134252 1.3586614 5.1665749 1.3586614 0 P 0
L 5.1134252 1.4413386 5.1665749 1.4413386 0 P 0
L 5.1134252 1.5586614 5.1134252 1.6413386 0 P 0
L 5.1134252 1.5586614 5.1665749 1.5586614 0 P 0
L 5.1134252 1.6413386 5.1665749 1.6413386 0 P 0
L 5.1134252 1.7586614 5.1134252 1.8413386 0 P 0
L 5.1134252 1.7586614 5.1665749 1.7586614 0 P 0
L 5.1134252 1.8413386 5.1665749 1.8413386 0 P 0
L 5.1134252 1.9586614 5.1134252 2.0413386 0 P 0
L 5.1134252 1.9586614 5.1665749 1.9586614 0 P 0
L 5.1134252 2.0413386 5.1665749 2.0413386 0 P 0
L 5.1134252 2.1586614 5.1134252 2.2413386 0 P 0
L 5.1134252 2.1586614 5.1665749 2.1586614 0 P 0
L 5.1134252 2.2413386 5.1665749 2.2413386 0 P 0
L 5.1134252 2.3586614 5.1134252 2.4413386 0 P 0
L 5.1134252 2.3586614 5.1665749 2.3586614 0 P 0
L 5.1134252 2.4413386 5.1665749 2.4413386 0 P 0
L 5.1134252 2.5586614 5.1134252 2.6413386 0 P 0
L 5.1134252 2.5586614 5.1665749 2.5586614 0 P 0
L 5.1134252 2.6413386 5.1665749 2.6413386 0 P 0
L 5.1134252 2.7586614 5.1134252 2.8413386 0 P 0
L 5.1134252 2.7586614 5.1665749 2.7586614 0 P 0
L 5.1134252 2.8413386 5.1665749 2.8413386 0 P 0
L 5.1665749 1.3586614 5.1665749 1.4413386 0 P 0
L 5.1665749 1.5586614 5.1665749 1.6413386 0 P 0
L 5.1665749 1.7586614 5.1665749 1.8413386 0 P 0
L 5.1665749 1.9586614 5.1665749 2.0413386 0 P 0
L 5.1665749 2.1586614 5.1665749 2.2413386 0 P 0
L 5.1665749 2.3586614 5.1665749 2.4413386 0 P 0
L 5.1665749 2.5586614 5.1665749 2.6413386 0 P 0
L 5.1665749 2.7586614 5.1665749 2.8413386 0 P 0
L 5.1973228 2.7174409 5.1973228 2.772559 0 P 0
L 5.1973229 2.817441 5.1973229 2.8725591 0 P 0
L 5.3134252 1.3586614 5.3134252 1.4413386 0 P 0
L 5.3134252 1.3586614 5.3665749 1.3586614 0 P 0
L 5.3134252 1.4413386 5.3665749 1.4413386 0 P 0
L 5.3134252 1.5586614 5.3134252 1.6413386 0 P 0
L 5.3134252 1.5586614 5.3665749 1.5586614 0 P 0
L 5.3134252 1.6413386 5.3665749 1.6413386 0 P 0
L 5.3134252 1.7586614 5.3134252 1.8413386 0 P 0
L 5.3134252 1.7586614 5.3665749 1.7586614 0 P 0
L 5.3134252 1.8413386 5.3665749 1.8413386 0 P 0
L 5.3134252 1.9586614 5.3134252 2.0413386 0 P 0
L 5.3134252 1.9586614 5.3665749 1.9586614 0 P 0
L 5.3134252 2.0413386 5.3665749 2.0413386 0 P 0
L 5.3134252 2.1586614 5.3134252 2.2413386 0 P 0
L 5.3134252 2.1586614 5.3665749 2.1586614 0 P 0
L 5.3134252 2.2413386 5.3665749 2.2413386 0 P 0
L 5.3134252 2.3586614 5.3134252 2.4413386 0 P 0
L 5.3134252 2.3586614 5.3665749 2.3586614 0 P 0
L 5.3134252 2.4413386 5.3665749 2.4413386 0 P 0
L 5.3134252 2.5586614 5.3134252 2.6413386 0 P 0
L 5.3134252 2.5586614 5.3665749 2.5586614 0 P 0
L 5.3134252 2.6413386 5.3665749 2.6413386 0 P 0
L 5.3134252 2.7586614 5.3134252 2.8413386 0 P 0
L 5.3134252 2.7586614 5.3665749 2.7586614 0 P 0
L 5.3134252 2.8413386 5.3665749 2.8413386 0 P 0
L 5.357677 2.837559 5.3576771 2.7824409 0 P 0
L 5.357677 2.837559 5.4423228 2.837559 0 P 0
L 5.3576771 2.5624409 5.3576771 2.617559 0 P 0
L 5.3576771 2.5624409 5.4423228 2.5624409 0 P 0
L 5.3576771 2.617559 5.4423228 2.617559 0 P 0
L 5.3576771 2.7824409 5.4423228 2.7824409 0 P 0
L 5.3665749 1.3586614 5.3665749 1.4413386 0 P 0
L 5.3665749 1.5586614 5.3665749 1.6413386 0 P 0
L 5.3665749 1.7586614 5.3665749 1.8413386 0 P 0
L 5.3665749 1.9586614 5.3665749 2.0413386 0 P 0
L 5.3665749 2.1586614 5.3665749 2.2413386 0 P 0
L 5.3665749 2.3586614 5.3665749 2.4413386 0 P 0
L 5.3665749 2.5586614 5.3665749 2.6413386 0 P 0
L 5.3665749 2.7586614 5.3665749 2.8413386 0 P 0
L 5.38 2.225 5.38 2.375 0 P 0
L 5.38 2.225 5.5 2.225 0 P 0
L 5.38 2.375 5.5 2.375 0 P 0
L 5.4423228 2.5624409 5.4423228 2.617559 0 P 0
L 5.4423228 2.7824409 5.4423228 2.837559 0 P 0
L 5.5 2.225 5.5 2.375 0 P 0
L 5.5134252 1.3586614 5.5134252 1.4413386 0 P 0
L 5.5134252 1.3586614 5.5665749 1.3586614 0 P 0
L 5.5134252 1.4413386 5.5665749 1.4413386 0 P 0
L 5.5134252 1.5586614 5.5134252 1.6413386 0 P 0
L 5.5134252 1.5586614 5.5665749 1.5586614 0 P 0
L 5.5134252 1.6413386 5.5665749 1.6413386 0 P 0
L 5.5134252 1.7586614 5.5134252 1.8413386 0 P 0
L 5.5134252 1.7586614 5.5665749 1.7586614 0 P 0
L 5.5134252 1.8413386 5.5665749 1.8413386 0 P 0
L 5.5134252 1.9586614 5.5134252 2.0413386 0 P 0
L 5.5134252 1.9586614 5.5665749 1.9586614 0 P 0
L 5.5134252 2.0413386 5.5665749 2.0413386 0 P 0
L 5.5134252 2.1586614 5.5134252 2.2413386 0 P 0
L 5.5134252 2.1586614 5.5665749 2.1586614 0 P 0
L 5.5134252 2.2413386 5.5665749 2.2413386 0 P 0
L 5.5134252 2.3586614 5.5134252 2.4413386 0 P 0
L 5.5134252 2.3586614 5.5665749 2.3586614 0 P 0
L 5.5134252 2.4413386 5.5665749 2.4413386 0 P 0
L 5.5134252 2.5586614 5.5134252 2.6413386 0 P 0
L 5.5134252 2.5586614 5.5665749 2.5586614 0 P 0
L 5.5134252 2.6413386 5.5665749 2.6413386 0 P 0
L 5.5134252 2.7586614 5.5134252 2.8413386 0 P 0
L 5.5134252 2.7586614 5.5665749 2.7586614 0 P 0
L 5.5134252 2.8413386 5.5665749 2.8413386 0 P 0
L 5.5665749 1.3586614 5.5665749 1.4413386 0 P 0
L 5.5665749 1.5586614 5.5665749 1.6413386 0 P 0
L 5.5665749 1.7586614 5.5665749 1.8413386 0 P 0
L 5.5665749 1.9586614 5.5665749 2.0413386 0 P 0
L 5.5665749 2.1586614 5.5665749 2.2413386 0 P 0
L 5.5665749 2.3586614 5.5665749 2.4413386 0 P 0
L 5.5665749 2.5586614 5.5665749 2.6413386 0 P 0
L 5.5665749 2.7586614 5.5665749 2.8413386 0 P 0
L 5.7134252 1.3586614 5.7134252 1.4413386 0 P 0
L 5.7134252 1.3586614 5.7665749 1.3586614 0 P 0
L 5.7134252 1.4413386 5.7665749 1.4413386 0 P 0
L 5.7134252 1.5586614 5.7134252 1.6413386 0 P 0
L 5.7134252 1.5586614 5.7665749 1.5586614 0 P 0
L 5.7134252 1.6413386 5.7665749 1.6413386 0 P 0
L 5.7134252 1.7586614 5.7134252 1.8413386 0 P 0
L 5.7134252 1.7586614 5.7665749 1.7586614 0 P 0
L 5.7134252 1.8413386 5.7665749 1.8413386 0 P 0
L 5.7134252 1.9586614 5.7134252 2.0413386 0 P 0
L 5.7134252 1.9586614 5.7665749 1.9586614 0 P 0
L 5.7134252 2.0413386 5.7665749 2.0413386 0 P 0
L 5.7134252 2.1586614 5.7134252 2.2413386 0 P 0
L 5.7134252 2.1586614 5.7665749 2.1586614 0 P 0
L 5.7134252 2.2413386 5.7665749 2.2413386 0 P 0
L 5.7134252 2.3586614 5.7134252 2.4413386 0 P 0
L 5.7134252 2.3586614 5.7665749 2.3586614 0 P 0
L 5.7134252 2.4413386 5.7665749 2.4413386 0 P 0
L 5.7134252 2.5586614 5.7134252 2.6413386 0 P 0
L 5.7134252 2.5586614 5.7665749 2.5586614 0 P 0
L 5.7134252 2.6413386 5.7665749 2.6413386 0 P 0
L 5.7134252 2.7586614 5.7134252 2.8413386 0 P 0
L 5.7134252 2.7586614 5.7665749 2.7586614 0 P 0
L 5.7134252 2.8413386 5.7665749 2.8413386 0 P 0
L 5.7187007 1.5683071 5.7187007 1.9816929 0 P 0
L 5.7187007 1.5683071 5.9312991 1.5683071 0 P 0
L 5.7187007 1.9816929 5.9312991 1.9816929 0 P 0
L 5.7665749 1.3586614 5.7665749 1.4413386 0 P 0
L 5.7665749 1.5586614 5.7665749 1.6413386 0 P 0
L 5.7665749 1.7586614 5.7665749 1.8413386 0 P 0
L 5.7665749 1.9586614 5.7665749 2.0413386 0 P 0
L 5.7665749 2.1586614 5.7665749 2.2413386 0 P 0
L 5.7665749 2.3586614 5.7665749 2.4413386 0 P 0
L 5.7665749 2.5586614 5.7665749 2.6413386 0 P 0
L 5.7665749 2.7586614 5.7665749 2.8413386 0 P 0
L 5.7826771 1.9974409 5.7826771 2.052559 0 P 0
L 5.7826771 1.9974409 5.8673228 1.9974409 0 P 0
L 5.7826771 2.052559 5.8673228 2.052559 0 P 0
L 5.8673228 1.9974409 5.8673228 2.052559 0 P 0
L 5.892441 2.257677 5.892441 2.3423228 0 P 0
L 5.892441 2.257677 5.9475591 2.2576771 0 P 0
L 5.892441 2.3423228 5.9475591 2.3423228 0 P 0
L 5.9134252 1.3586614 5.9134252 1.4413386 0 P 0
L 5.9134252 1.3586614 5.9665749 1.3586614 0 P 0
L 5.9134252 1.4413386 5.9665749 1.4413386 0 P 0
L 5.9134252 1.5586614 5.9134252 1.6413386 0 P 0
L 5.9134252 1.5586614 5.9665749 1.5586614 0 P 0
L 5.9134252 1.6413386 5.9665749 1.6413386 0 P 0
L 5.9134252 1.7586614 5.9134252 1.8413386 0 P 0
L 5.9134252 1.7586614 5.9665749 1.7586614 0 P 0
L 5.9134252 1.8413386 5.9665749 1.8413386 0 P 0
L 5.9134252 1.9586614 5.9134252 2.0413386 0 P 0
L 5.9134252 1.9586614 5.9665749 1.9586614 0 P 0
L 5.9134252 2.0413386 5.9665749 2.0413386 0 P 0
L 5.9134252 2.1586614 5.9134252 2.2413386 0 P 0
L 5.9134252 2.1586614 5.9665749 2.1586614 0 P 0
L 5.9134252 2.2413386 5.9665749 2.2413386 0 P 0
L 5.9134252 2.3586614 5.9134252 2.4413386 0 P 0
L 5.9134252 2.3586614 5.9665749 2.3586614 0 P 0
L 5.9134252 2.4413386 5.9665749 2.4413386 0 P 0
L 5.9134252 2.5586614 5.9134252 2.6413386 0 P 0
L 5.9134252 2.5586614 5.9665749 2.5586614 0 P 0
L 5.9134252 2.6413386 5.9665749 2.6413386 0 P 0
L 5.9134252 2.7586614 5.9134252 2.8413386 0 P 0
L 5.9134252 2.7586614 5.9665749 2.7586614 0 P 0
L 5.9134252 2.8413386 5.9665749 2.8413386 0 P 0
L 5.9312991 1.5683071 5.9312991 1.9816929 0 P 0
L 5.9475591 2.2576771 5.9475591 2.3423228 0 P 0
L 5.9665749 1.3586614 5.9665749 1.4413386 0 P 0
L 5.9665749 1.5586614 5.9665749 1.6413386 0 P 0
L 5.9665749 1.7586614 5.9665749 1.8413386 0 P 0
L 5.9665749 1.9586614 5.9665749 2.0413386 0 P 0
L 5.9665749 2.1586614 5.9665749 2.2413386 0 P 0
L 5.9665749 2.3586614 5.9665749 2.4413386 0 P 0
L 5.9665749 2.5586614 5.9665749 2.6413386 0 P 0
L 5.9665749 2.7586614 5.9665749 2.8413386 0 P 0
L 5.992441 2.257677 5.992441 2.3423228 0 P 0
L 5.992441 2.257677 6.0475591 2.2576771 0 P 0
L 5.992441 2.3423228 6.0475591 2.3423228 0 P 0
L 6.0475591 2.2576771 6.0475591 2.3423228 0 P 0
L 6.1134252 1.3586614 6.1134252 1.4413386 0 P 0
L 6.1134252 1.3586614 6.1665749 1.3586614 0 P 0
L 6.1134252 1.4413386 6.1665749 1.4413386 0 P 0
L 6.1134252 1.5586614 6.1134252 1.6413386 0 P 0
L 6.1134252 1.5586614 6.1665749 1.5586614 0 P 0
L 6.1134252 1.6413386 6.1665749 1.6413386 0 P 0
L 6.1134252 1.7586614 6.1134252 1.8413386 0 P 0
L 6.1134252 1.7586614 6.1665749 1.7586614 0 P 0
L 6.1134252 1.8413386 6.1665749 1.8413386 0 P 0
L 6.1134252 1.9586614 6.1134252 2.0413386 0 P 0
L 6.1134252 1.9586614 6.1665749 1.9586614 0 P 0
L 6.1134252 2.0413386 6.1665749 2.0413386 0 P 0
L 6.1134252 2.1586614 6.1134252 2.2413386 0 P 0
L 6.1134252 2.1586614 6.1665749 2.1586614 0 P 0
L 6.1134252 2.2413386 6.1665749 2.2413386 0 P 0
L 6.1134252 2.3586614 6.1134252 2.4413386 0 P 0
L 6.1134252 2.3586614 6.1665749 2.3586614 0 P 0
L 6.1134252 2.4413386 6.1665749 2.4413386 0 P 0
L 6.1134252 2.5586614 6.1134252 2.6413386 0 P 0
L 6.1134252 2.5586614 6.1665749 2.5586614 0 P 0
L 6.1134252 2.6413386 6.1665749 2.6413386 0 P 0
L 6.1134252 2.7586614 6.1134252 2.8413386 0 P 0
L 6.1134252 2.7586614 6.1665749 2.7586614 0 P 0
L 6.1134252 2.8413386 6.1665749 2.8413386 0 P 0
L 6.1665749 1.3586614 6.1665749 1.4413386 0 P 0
L 6.1665749 1.5586614 6.1665749 1.6413386 0 P 0
L 6.1665749 1.7586614 6.1665749 1.8413386 0 P 0
L 6.1665749 1.9586614 6.1665749 2.0413386 0 P 0
L 6.1665749 2.1586614 6.1665749 2.2413386 0 P 0
L 6.1665749 2.3586614 6.1665749 2.4413386 0 P 0
L 6.1665749 2.5586614 6.1665749 2.6413386 0 P 0
L 6.1665749 2.7586614 6.1665749 2.8413386 0 P 0
