#Layer_Color=16711935
#
#Feature symbol names
#
$0 r3.937

#
#Feature attribute names
#

#
#Layer features
#
A -0.1515748 0.8208661 -0.1515748 0.8208661 -0.1712598 0.8208661 0 P 0 N
A -0.695315 0.245315 -0.695315 0.245315 -0.715 0.245315 0 P 0 N
A 1.0484252 0.8208661 1.0484252 0.8208661 1.0287402 0.8208661 0 P 0 N
A 1.234685 0.015315 1.234685 0.015315 1.215 0.015315 0 P 0 N
A -1.3515748 0.8208661 -1.3515748 0.8208661 -1.3712598 0.8208661 0 P 0 N
A -1.365315 0.015315 -1.365315 0.015315 -1.385 0.015315 0 P 0 N
A 1.6484252 0.8208661 1.6484252 0.8208661 1.6287402 0.8208661 0 P 0 N
A -1.8426772 0.1676377 -1.8426772 0.1676377 -1.8623622 0.1676377 0 P 0 N
A -1.9515748 0.8208661 -1.9515748 0.8208661 -1.9712598 0.8208661 0 P 0 N
L -0.0590551 0.1724409 0.0590551 0.1724409 0 P 0
L -0.0590551 0.1724409 -0.0590551 0.227559 0 P 0
L 0.0590551 0.1724409 0.0590551 0.227559 0 P 0
L -0.0590551 0.227559 0.0590551 0.227559 0 P 0
L -0.0590551 0.3024409 0.0590551 0.3024409 0 P 0
L 0.0590551 0.3024409 0.0590551 0.357559 0 P 0
L -0.0590551 0.3024409 -0.0590551 0.357559 0 P 0
L -0.0590551 0.357559 0.0590551 0.357559 0 P 0
L -0.0734251 0.4586614 -0.0734251 0.5413386 0 P 0
L -0.0734251 0.6586614 -0.0734251 0.7413386 0 P 0
L 0.0734252 0.4586614 0.0734252 0.5413386 0 P 0
L 0.0734252 0.4586614 0.1265749 0.4586614 0 P 0
L 0.0734252 0.5413386 0.1265749 0.5413386 0 P 0
L 0.0734252 0.6586614 0.0734252 0.7413386 0 P 0
L 0.0734252 0.6586614 0.1265749 0.6586614 0 P 0
L 0.0734252 0.7413386 0.1265749 0.7413386 0 P 0
L -0.0824408 0.1676771 -0.0824408 0.2523228 0 P 0
L 0.0824408 0.1676772 0.0824408 0.2523229 0 P 0
L 0.0824408 0.1676772 0.1375589 0.1676772 0 P 0
L 0.0824408 0.2523229 0.1375589 0.2523229 0 P 0
L -0.1265748 0.4586614 -0.0734251 0.4586614 0 P 0
L -0.1265748 0.4586614 -0.1265748 0.5413386 0 P 0
L -0.1265748 0.5413386 -0.0734251 0.5413386 0 P 0
L -0.1265748 0.6586614 -0.0734251 0.6586614 0 P 0
L -0.1265748 0.6586614 -0.1265748 0.7413386 0 P 0
L -0.1265748 0.7413386 -0.0734251 0.7413386 0 P 0
L 0.1265749 0.4586614 0.1265749 0.5413386 0 P 0
L 0.1265749 0.6586614 0.1265749 0.7413386 0 P 0
L -0.1375589 0.1676771 -0.0824408 0.1676771 0 P 0
L -0.1375589 0.1676771 -0.1375589 0.2523228 0 P 0
L 0.1375589 0.1676772 0.1375589 0.2523229 0 P 0
L -0.1375589 0.2523228 -0.0824408 0.2523228 0 P 0
L -0.2066929 0.6437007 0.2066929 0.6437007 0 P 0
L 0.2066929 0.6437007 0.2066929 0.8562991 0 P 0
L -0.2066929 0.6437007 -0.2066929 0.8562991 0 P 0
L -0.2066929 0.8562991 0.2066929 0.8562991 0 P 0
L -0.2509449 0.8524409 -0.2509449 0.907559 0 P 0
L 0.2509449 0.8524409 0.2509449 0.907559 0 P 0
L 0.2509449 0.8524409 0.3690551 0.8524409 0 P 0
L 0.2509449 0.907559 0.3690551 0.907559 0 P 0
L -0.2734251 0.2586614 -0.2734251 0.3413386 0 P 0
L -0.2734251 0.4586614 -0.2734251 0.5413386 0 P 0
L -0.2734251 0.6586614 -0.2734251 0.7413386 0 P 0
L 0.2734252 0.2586614 0.2734252 0.3413386 0 P 0
L 0.2734252 0.2586614 0.3265749 0.2586614 0 P 0
L 0.2734252 0.3413386 0.3265749 0.3413386 0 P 0
L 0.2734252 0.4586614 0.2734252 0.5413386 0 P 0
L 0.2734252 0.4586614 0.3265749 0.4586614 0 P 0
L 0.2734252 0.5413386 0.3265749 0.5413386 0 P 0
L 0.2734252 0.6586614 0.2734252 0.7413386 0 P 0
L 0.2734252 0.6586614 0.3265749 0.6586614 0 P 0
L 0.2734252 0.7413386 0.3265749 0.7413386 0 P 0
L -0.3265748 0.2586614 -0.2734251 0.2586614 0 P 0
L -0.3265748 0.2586614 -0.3265748 0.3413386 0 P 0
L -0.3265748 0.3413386 -0.2734251 0.3413386 0 P 0
L -0.3265748 0.4586614 -0.2734251 0.4586614 0 P 0
L -0.3265748 0.4586614 -0.3265748 0.5413386 0 P 0
L -0.3265748 0.5413386 -0.2734251 0.5413386 0 P 0
L -0.3265748 0.6586614 -0.2734251 0.6586614 0 P 0
L -0.3265748 0.6586614 -0.3265748 0.7413386 0 P 0
L -0.3265748 0.7413386 -0.2734251 0.7413386 0 P 0
L 0.3265749 0.2586614 0.3265749 0.3413386 0 P 0
L 0.3265749 0.4586614 0.3265749 0.5413386 0 P 0
L 0.3265749 0.6586614 0.3265749 0.7413386 0 P 0
L -0.3690551 0.8524409 -0.2509449 0.8524409 0 P 0
L -0.3690551 0.8524409 -0.3690551 0.907559 0 P 0
L 0.3690551 0.8524409 0.3690551 0.907559 0 P 0
L -0.3690551 0.907559 -0.2509449 0.907559 0 P 0
L 0.3724408 0.3826772 0.3724408 0.4673229 0 P 0
L 0.3724408 0.3826772 0.4275589 0.3826772 0 P 0
L 0.3724408 0.4673229 0.4275589 0.4673229 0 P 0
L -0.3724411 0.3826772 -0.3724411 0.4673229 0 P 0
L 0.3724411 0.5776771 0.3724411 0.6623228 0 P 0
L 0.3724411 0.5776771 0.4275592 0.5776771 0 P 0
L -0.3724411 0.5776772 -0.3724411 0.6623229 0 P 0
L 0.3724411 0.6623228 0.4275592 0.6623228 0 P 0
L 0.3924408 0.8576772 0.3924408 0.9423229 0 P 0
L 0.3924408 0.8576772 0.4475589 0.8576772 0 P 0
L 0.3924408 0.9423229 0.4475589 0.9423229 0 P 0
L -0.3924411 0.8576772 -0.3924411 0.9423229 0 P 0
L 0.4275589 0.3826772 0.4275589 0.4673229 0 P 0
L -0.4275592 0.3826772 -0.3724411 0.3826772 0 P 0
L -0.4275592 0.3826772 -0.4275592 0.4673229 0 P 0
L -0.4275592 0.4673229 -0.3724411 0.4673229 0 P 0
L 0.4275592 0.5776771 0.4275592 0.6623228 0 P 0
L -0.4275592 0.5776772 -0.3724411 0.5776772 0 P 0
L -0.4275592 0.5776772 -0.4275592 0.6623229 0 P 0
L -0.4275592 0.6623229 -0.3724411 0.6623229 0 P 0
L 0.4475589 0.8576772 0.4475589 0.9423229 0 P 0
L -0.4475592 0.8576772 -0.3924411 0.8576772 0 P 0
L -0.4475592 0.8576772 -0.4475592 0.9423229 0 P 0
L -0.4475592 0.9423229 -0.3924411 0.9423229 0 P 0
L -0.4734251 0.2586614 -0.4734251 0.3413386 0 P 0
L -0.4734251 0.4586614 -0.4734251 0.5413386 0 P 0
L -0.4734251 0.6586614 -0.4734251 0.7413386 0 P 0
L 0.4734252 0.2586614 0.4734252 0.3413386 0 P 0
L 0.4734252 0.2586614 0.5265749 0.2586614 0 P 0
L 0.4734252 0.3413386 0.5265749 0.3413386 0 P 0
L 0.4734252 0.4586614 0.4734252 0.5413386 0 P 0
L 0.4734252 0.4586614 0.5265749 0.4586614 0 P 0
L 0.4734252 0.5413386 0.5265749 0.5413386 0 P 0
L 0.4734252 0.6586614 0.4734252 0.7413386 0 P 0
L 0.4734252 0.6586614 0.5265749 0.6586614 0 P 0
L 0.4734252 0.7413386 0.5265749 0.7413386 0 P 0
L -0.4924411 0.8576772 -0.4924411 0.9423229 0 P 0
L -0.5265748 0.2586614 -0.4734251 0.2586614 0 P 0
L -0.5265748 0.2586614 -0.5265748 0.3413386 0 P 0
L -0.5265748 0.3413386 -0.4734251 0.3413386 0 P 0
L -0.5265748 0.4586614 -0.4734251 0.4586614 0 P 0
L -0.5265748 0.4586614 -0.5265748 0.5413386 0 P 0
L -0.5265748 0.5413386 -0.4734251 0.5413386 0 P 0
L -0.5265748 0.6586614 -0.4734251 0.6586614 0 P 0
L -0.5265748 0.6586614 -0.5265748 0.7413386 0 P 0
L -0.5265748 0.7413386 -0.4734251 0.7413386 0 P 0
L 0.5265749 0.2586614 0.5265749 0.3413386 0 P 0
L 0.5265749 0.4586614 0.5265749 0.5413386 0 P 0
L 0.5265749 0.6586614 0.5265749 0.7413386 0 P 0
L -0.5475592 0.8576772 -0.4924411 0.8576772 0 P 0
L -0.5475592 0.8576772 -0.5475592 0.9423229 0 P 0
L -0.5475592 0.9423229 -0.4924411 0.9423229 0 P 0
L 0.6724408 0.8576772 0.6724408 0.9423229 0 P 0
L 0.6724408 0.8576772 0.7275589 0.8576772 0 P 0
L 0.6724408 0.9423229 0.7275589 0.9423229 0 P 0
L -0.6724411 0.8576772 -0.6724411 0.9423229 0 P 0
L -0.6734251 0.0586614 -0.6734251 0.1413386 0 P 0
L -0.6734251 -0.1413386 -0.6734251 -0.0586614 0 P 0
L -0.6734251 0.2586614 -0.6734251 0.3413386 0 P 0
L -0.6734251 -0.3413386 -0.6734251 -0.2586614 0 P 0
L -0.6734251 0.4586614 -0.6734251 0.5413386 0 P 0
L -0.6734251 -0.5413386 -0.6734251 -0.4586614 0 P 0
L -0.6734251 0.6586614 -0.6734251 0.7413386 0 P 0
L -0.6734251 -0.7413386 -0.6734251 -0.6586614 0 P 0
L 0.6734252 0.0586614 0.6734252 0.1413386 0 P 0
L 0.6734252 0.0586614 0.7265749 0.0586614 0 P 0
L 0.6734252 -0.0586614 0.7265749 -0.0586614 0 P 0
L 0.6734252 -0.1413386 0.6734252 -0.0586614 0 P 0
L 0.6734252 0.1413386 0.7265749 0.1413386 0 P 0
L 0.6734252 -0.1413386 0.7265749 -0.1413386 0 P 0
L 0.6734252 0.2586614 0.6734252 0.3413386 0 P 0
L 0.6734252 0.2586614 0.7265749 0.2586614 0 P 0
L 0.6734252 -0.2586614 0.7265749 -0.2586614 0 P 0
L 0.6734252 -0.3413386 0.6734252 -0.2586614 0 P 0
L 0.6734252 0.3413386 0.7265749 0.3413386 0 P 0
L 0.6734252 -0.3413386 0.7265749 -0.3413386 0 P 0
L 0.6734252 0.4586614 0.6734252 0.5413386 0 P 0
L 0.6734252 -0.4586614 0.7265749 -0.4586614 0 P 0
L 0.6734252 0.4586614 0.7265749 0.4586614 0 P 0
L 0.6734252 -0.5413386 0.6734252 -0.4586614 0 P 0
L 0.6734252 -0.5413386 0.7265749 -0.5413386 0 P 0
L 0.6734252 0.5413386 0.7265749 0.5413386 0 P 0
L 0.6734252 0.6586614 0.6734252 0.7413386 0 P 0
L 0.6734252 0.6586614 0.7265749 0.6586614 0 P 0
L 0.6734252 -0.6586614 0.7265749 -0.6586614 0 P 0
L 0.6734252 -0.7413386 0.6734252 -0.6586614 0 P 0
L 0.6734252 0.7413386 0.7265749 0.7413386 0 P 0
L 0.6734252 -0.7413386 0.7265749 -0.7413386 0 P 0
L -0.7265748 -0.0586614 -0.6734251 -0.0586614 0 P 0
L -0.7265748 0.0586614 -0.6734251 0.0586614 0 P 0
L -0.7265748 0.0586614 -0.7265748 0.1413386 0 P 0
L -0.7265748 -0.1413386 -0.6734251 -0.1413386 0 P 0
L -0.7265748 0.1413386 -0.6734251 0.1413386 0 P 0
L -0.7265748 -0.1413386 -0.7265748 -0.0586614 0 P 0
L -0.7265748 0.2586614 -0.6734251 0.2586614 0 P 0
L -0.7265748 -0.2586614 -0.6734251 -0.2586614 0 P 0
L -0.7265748 0.2586614 -0.7265748 0.3413386 0 P 0
L -0.7265748 0.3413386 -0.6734251 0.3413386 0 P 0
L -0.7265748 -0.3413386 -0.6734251 -0.3413386 0 P 0
L -0.7265748 -0.3413386 -0.7265748 -0.2586614 0 P 0
L -0.7265748 -0.4586614 -0.6734251 -0.4586614 0 P 0
L -0.7265748 0.4586614 -0.6734251 0.4586614 0 P 0
L -0.7265748 0.4586614 -0.7265748 0.5413386 0 P 0
L -0.7265748 -0.5413386 -0.6734251 -0.5413386 0 P 0
L -0.7265748 0.5413386 -0.6734251 0.5413386 0 P 0
L -0.7265748 -0.5413386 -0.7265748 -0.4586614 0 P 0
L -0.7265748 0.6586614 -0.6734251 0.6586614 0 P 0
L -0.7265748 -0.6586614 -0.6734251 -0.6586614 0 P 0
L -0.7265748 0.6586614 -0.7265748 0.7413386 0 P 0
L -0.7265748 0.7413386 -0.6734251 0.7413386 0 P 0
L -0.7265748 -0.7413386 -0.6734251 -0.7413386 0 P 0
L -0.7265748 -0.7413386 -0.7265748 -0.6586614 0 P 0
L 0.7265749 0.0586614 0.7265749 0.1413386 0 P 0
L 0.7265749 -0.1413386 0.7265749 -0.0586614 0 P 0
L 0.7265749 0.2586614 0.7265749 0.3413386 0 P 0
L 0.7265749 -0.3413386 0.7265749 -0.2586614 0 P 0
L 0.7265749 0.4586614 0.7265749 0.5413386 0 P 0
L 0.7265749 -0.5413386 0.7265749 -0.4586614 0 P 0
L 0.7265749 0.6586614 0.7265749 0.7413386 0 P 0
L 0.7265749 -0.7413386 0.7265749 -0.6586614 0 P 0
L 0.7275589 0.8576772 0.7275589 0.9423229 0 P 0
L -0.7275592 0.8576772 -0.6724411 0.8576772 0 P 0
L -0.7275592 0.8576772 -0.7275592 0.9423229 0 P 0
L -0.7275592 0.9423229 -0.6724411 0.9423229 0 P 0
L -0.74 0.255 -0.74 0.405 0 P 0
L -0.7724411 0.8576772 -0.7724411 0.9423229 0 P 0
L -0.8275592 0.8576772 -0.7724411 0.8576772 0 P 0
L -0.8275592 0.8576772 -0.8275592 0.9423229 0 P 0
L -0.8275592 0.9423229 -0.7724411 0.9423229 0 P 0
L -0.86 0.255 -0.74 0.255 0 P 0
L -0.86 0.255 -0.86 0.405 0 P 0
L -0.86 0.405 -0.74 0.405 0 P 0
L 0.8724408 0.8576772 0.8724408 0.9423229 0 P 0
L 0.8724408 0.8576772 0.9275589 0.8576772 0 P 0
L 0.8724408 0.9423229 0.9275589 0.9423229 0 P 0
L -0.8724411 0.8576772 -0.8724411 0.9423229 0 P 0
L -0.8734251 0.0586614 -0.8734251 0.1413386 0 P 0
L -0.8734251 -0.1413386 -0.8734251 -0.0586614 0 P 0
L -0.8734251 0.2586614 -0.8734251 0.3413386 0 P 0
L -0.8734251 -0.3413386 -0.8734251 -0.2586614 0 P 0
L -0.8734251 0.4586614 -0.8734251 0.5413386 0 P 0
L -0.8734251 -0.5413386 -0.8734251 -0.4586614 0 P 0
L -0.8734251 0.6586614 -0.8734251 0.7413386 0 P 0
L -0.8734251 -0.7413386 -0.8734251 -0.6586614 0 P 0
L 0.8734252 0.0586614 0.8734252 0.1413386 0 P 0
L 0.8734252 0.0586614 0.9265749 0.0586614 0 P 0
L 0.8734252 -0.0586614 0.9265749 -0.0586614 0 P 0
L 0.8734252 -0.1413386 0.8734252 -0.0586614 0 P 0
L 0.8734252 0.1413386 0.9265749 0.1413386 0 P 0
L 0.8734252 -0.1413386 0.9265749 -0.1413386 0 P 0
L 0.8734252 0.2586614 0.8734252 0.3413386 0 P 0
L 0.8734252 0.2586614 0.9265749 0.2586614 0 P 0
L 0.8734252 -0.2586614 0.9265749 -0.2586614 0 P 0
L 0.8734252 -0.3413386 0.8734252 -0.2586614 0 P 0
L 0.8734252 0.3413386 0.9265749 0.3413386 0 P 0
L 0.8734252 -0.3413386 0.9265749 -0.3413386 0 P 0
L 0.8734252 0.4586614 0.8734252 0.5413386 0 P 0
L 0.8734252 -0.4586614 0.9265749 -0.4586614 0 P 0
L 0.8734252 0.4586614 0.9265749 0.4586614 0 P 0
L 0.8734252 -0.5413386 0.8734252 -0.4586614 0 P 0
L 0.8734252 -0.5413386 0.9265749 -0.5413386 0 P 0
L 0.8734252 0.5413386 0.9265749 0.5413386 0 P 0
L 0.8734252 0.6586614 0.8734252 0.7413386 0 P 0
L 0.8734252 0.6586614 0.9265749 0.6586614 0 P 0
L 0.8734252 -0.6586614 0.9265749 -0.6586614 0 P 0
L 0.8734252 -0.7413386 0.8734252 -0.6586614 0 P 0
L 0.8734252 0.7413386 0.9265749 0.7413386 0 P 0
L 0.8734252 -0.7413386 0.9265749 -0.7413386 0 P 0
L -0.9076772 0.2224411 -0.9076772 0.2775592 0 P 0
L -0.9076772 0.3024411 -0.9076772 0.3575592 0 P 0
L -0.9076772 0.3824411 -0.9076772 0.4375592 0 P 0
L -0.9265748 -0.0586614 -0.8734251 -0.0586614 0 P 0
L -0.9265748 0.0586614 -0.8734251 0.0586614 0 P 0
L -0.9265748 0.0586614 -0.9265748 0.1413386 0 P 0
L -0.9265748 -0.1413386 -0.8734251 -0.1413386 0 P 0
L -0.9265748 0.1413386 -0.8734251 0.1413386 0 P 0
L -0.9265748 -0.1413386 -0.9265748 -0.0586614 0 P 0
L -0.9265748 0.2586614 -0.8734251 0.2586614 0 P 0
L -0.9265748 -0.2586614 -0.8734251 -0.2586614 0 P 0
L -0.9265748 0.2586614 -0.9265748 0.3413386 0 P 0
L -0.9265748 0.3413386 -0.8734251 0.3413386 0 P 0
L -0.9265748 -0.3413386 -0.8734251 -0.3413386 0 P 0
L -0.9265748 -0.3413386 -0.9265748 -0.2586614 0 P 0
L -0.9265748 -0.4586614 -0.8734251 -0.4586614 0 P 0
L -0.9265748 0.4586614 -0.8734251 0.4586614 0 P 0
L -0.9265748 0.4586614 -0.9265748 0.5413386 0 P 0
L -0.9265748 -0.5413386 -0.8734251 -0.5413386 0 P 0
L -0.9265748 0.5413386 -0.8734251 0.5413386 0 P 0
L -0.9265748 -0.5413386 -0.9265748 -0.4586614 0 P 0
L -0.9265748 0.6586614 -0.8734251 0.6586614 0 P 0
L -0.9265748 -0.6586614 -0.8734251 -0.6586614 0 P 0
L -0.9265748 0.6586614 -0.9265748 0.7413386 0 P 0
L -0.9265748 0.7413386 -0.8734251 0.7413386 0 P 0
L -0.9265748 -0.7413386 -0.8734251 -0.7413386 0 P 0
L -0.9265748 -0.7413386 -0.9265748 -0.6586614 0 P 0
L 0.9265749 0.0586614 0.9265749 0.1413386 0 P 0
L 0.9265749 -0.1413386 0.9265749 -0.0586614 0 P 0
L 0.9265749 0.2586614 0.9265749 0.3413386 0 P 0
L 0.9265749 -0.3413386 0.9265749 -0.2586614 0 P 0
L 0.9265749 0.4586614 0.9265749 0.5413386 0 P 0
L 0.9265749 -0.5413386 0.9265749 -0.4586614 0 P 0
L 0.9265749 0.6586614 0.9265749 0.7413386 0 P 0
L 0.9265749 -0.7413386 0.9265749 -0.6586614 0 P 0
L 0.9275589 0.8576772 0.9275589 0.9423229 0 P 0
L -0.9275592 0.8576772 -0.8724411 0.8576772 0 P 0
L -0.9275592 0.8576772 -0.9275592 0.9423229 0 P 0
L -0.9275592 0.9423229 -0.8724411 0.9423229 0 P 0
L 0.9524408 0.8576772 0.9524408 0.9423229 0 P 0
L 0.9524408 0.8576772 1.0075589 0.8576772 0 P 0
L 0.9524408 0.9423229 1.0075589 0.9423229 0 P 0
L -0.9923229 0.2224411 -0.9076772 0.2224411 0 P 0
L -0.9923229 0.2224411 -0.9923229 0.2775592 0 P 0
L -0.9923229 0.2775592 -0.9076772 0.2775592 0 P 0
L -0.9923229 0.3024411 -0.9076772 0.3024411 0 P 0
L -0.9923229 0.3024411 -0.9923229 0.3575592 0 P 0
L -0.9923229 0.3575592 -0.9076772 0.3575592 0 P 0
L -0.9923229 0.3824411 -0.9076772 0.3824411 0 P 0
L -0.9923229 0.3824411 -0.9923229 0.4375592 0 P 0
L -0.9923229 0.4375592 -0.9076772 0.4375592 0 P 0
L -0.9933071 0.6437007 -0.9933071 0.8562991 0 P 0
L 0.9933071 0.6437007 0.9933071 0.8562991 0 P 0
L 0.9933071 0.6437007 1.4066929 0.6437007 0 P 0
L 0.9933071 0.8562991 1.4066929 0.8562991 0 P 0
L 1.0075589 0.8576772 1.0075589 0.9423229 0 P 0
L 1.0724408 0.8576772 1.0724408 0.9423229 0 P 0
L 1.0724408 0.8576772 1.1275589 0.8576772 0 P 0
L 1.0724408 0.9423229 1.1275589 0.9423229 0 P 0
L -1.0724411 0.8576772 -1.0724411 0.9423229 0 P 0
L -1.0734251 0.0586614 -1.0734251 0.1413386 0 P 0
L -1.0734251 -0.1413386 -1.0734251 -0.0586614 0 P 0
L -1.0734251 0.2586614 -1.0734251 0.3413386 0 P 0
L -1.0734251 -0.3413386 -1.0734251 -0.2586614 0 P 0
L -1.0734251 0.4586614 -1.0734251 0.5413386 0 P 0
L -1.0734251 -0.5413386 -1.0734251 -0.4586614 0 P 0
L -1.0734251 0.6586614 -1.0734251 0.7413386 0 P 0
L -1.0734251 -0.7413386 -1.0734251 -0.6586614 0 P 0
L 1.0734252 0.0586614 1.0734252 0.1413386 0 P 0
L 1.0734252 0.0586614 1.1265749 0.0586614 0 P 0
L 1.0734252 -0.0586614 1.1265749 -0.0586614 0 P 0
L 1.0734252 -0.1413386 1.0734252 -0.0586614 0 P 0
L 1.0734252 0.1413386 1.1265749 0.1413386 0 P 0
L 1.0734252 -0.1413386 1.1265749 -0.1413386 0 P 0
L 1.0734252 0.2586614 1.0734252 0.3413386 0 P 0
L 1.0734252 0.2586614 1.1265749 0.2586614 0 P 0
L 1.0734252 -0.2586614 1.1265749 -0.2586614 0 P 0
L 1.0734252 -0.3413386 1.0734252 -0.2586614 0 P 0
L 1.0734252 0.3413386 1.1265749 0.3413386 0 P 0
L 1.0734252 -0.3413386 1.1265749 -0.3413386 0 P 0
L 1.0734252 0.4586614 1.0734252 0.5413386 0 P 0
L 1.0734252 -0.4586614 1.1265749 -0.4586614 0 P 0
L 1.0734252 0.4586614 1.1265749 0.4586614 0 P 0
L 1.0734252 -0.5413386 1.0734252 -0.4586614 0 P 0
L 1.0734252 -0.5413386 1.1265749 -0.5413386 0 P 0
L 1.0734252 0.5413386 1.1265749 0.5413386 0 P 0
L 1.0734252 0.6586614 1.0734252 0.7413386 0 P 0
L 1.0734252 0.6586614 1.1265749 0.6586614 0 P 0
L 1.0734252 -0.6586614 1.1265749 -0.6586614 0 P 0
L 1.0734252 -0.7413386 1.0734252 -0.6586614 0 P 0
L 1.0734252 0.7413386 1.1265749 0.7413386 0 P 0
L 1.0734252 -0.7413386 1.1265749 -0.7413386 0 P 0
L -1.1265748 -0.0586614 -1.0734251 -0.0586614 0 P 0
L -1.1265748 0.0586614 -1.0734251 0.0586614 0 P 0
L -1.1265748 0.0586614 -1.1265748 0.1413386 0 P 0
L -1.1265748 -0.1413386 -1.0734251 -0.1413386 0 P 0
L -1.1265748 0.1413386 -1.0734251 0.1413386 0 P 0
L -1.1265748 -0.1413386 -1.1265748 -0.0586614 0 P 0
L -1.1265748 0.2586614 -1.0734251 0.2586614 0 P 0
L -1.1265748 -0.2586614 -1.0734251 -0.2586614 0 P 0
L -1.1265748 0.2586614 -1.1265748 0.3413386 0 P 0
L -1.1265748 0.3413386 -1.0734251 0.3413386 0 P 0
L -1.1265748 -0.3413386 -1.0734251 -0.3413386 0 P 0
L -1.1265748 -0.3413386 -1.1265748 -0.2586614 0 P 0
L -1.1265748 0.4586614 -1.0734251 0.4586614 0 P 0
L -1.1265748 -0.4586614 -1.0734251 -0.4586614 0 P 0
L -1.1265748 0.4586614 -1.1265748 0.5413386 0 P 0
L -1.1265748 0.5413386 -1.0734251 0.5413386 0 P 0
L -1.1265748 -0.5413386 -1.0734251 -0.5413386 0 P 0
L -1.1265748 -0.5413386 -1.1265748 -0.4586614 0 P 0
L -1.1265748 0.6586614 -1.0734251 0.6586614 0 P 0
L -1.1265748 -0.6586614 -1.0734251 -0.6586614 0 P 0
L -1.1265748 0.6586614 -1.1265748 0.7413386 0 P 0
L -1.1265748 0.7413386 -1.0734251 0.7413386 0 P 0
L -1.1265748 -0.7413386 -1.0734251 -0.7413386 0 P 0
L -1.1265748 -0.7413386 -1.1265748 -0.6586614 0 P 0
L 1.1265749 0.0586614 1.1265749 0.1413386 0 P 0
L 1.1265749 -0.1413386 1.1265749 -0.0586614 0 P 0
L 1.1265749 0.2586614 1.1265749 0.3413386 0 P 0
L 1.1265749 -0.3413386 1.1265749 -0.2586614 0 P 0
L 1.1265749 0.4586614 1.1265749 0.5413386 0 P 0
L 1.1265749 -0.5413386 1.1265749 -0.4586614 0 P 0
L 1.1265749 0.6586614 1.1265749 0.7413386 0 P 0
L 1.1265749 -0.7413386 1.1265749 -0.6586614 0 P 0
L 1.1275589 0.8576772 1.1275589 0.9423229 0 P 0
L -1.1275592 0.8576772 -1.0724411 0.8576772 0 P 0
L -1.1275592 0.8576772 -1.1275592 0.9423229 0 P 0
L -1.1275592 0.9423229 -1.0724411 0.9423229 0 P 0
L 1.24 0.025 1.24 0.175 0 P 0
L -1.24 0.025 -1.24 0.175 0 P 0
L 1.24 0.025 1.36 0.025 0 P 0
L 1.24 0.175 1.36 0.175 0 P 0
L -1.2576772 0.0624411 -1.2576772 0.1175592 0 P 0
L 1.2724408 0.8576772 1.2724408 0.9423229 0 P 0
L 1.2724408 0.8576772 1.3275589 0.8576772 0 P 0
L 1.2724408 0.9423229 1.3275589 0.9423229 0 P 0
L -1.2724411 0.8576772 -1.2724411 0.9423229 0 P 0
L -1.2734251 -0.1413386 -1.2734251 -0.0586614 0 P 0
L -1.2734251 0.2586614 -1.2734251 0.3413386 0 P 0
L -1.2734251 -0.3413386 -1.2734251 -0.2586614 0 P 0
L -1.2734251 0.4586614 -1.2734251 0.5413386 0 P 0
L -1.2734251 -0.5413386 -1.2734251 -0.4586614 0 P 0
L -1.2734251 0.6586614 -1.2734251 0.7413386 0 P 0
L -1.2734251 -0.7413386 -1.2734251 -0.6586614 0 P 0
L 1.2734252 -0.0586614 1.3265749 -0.0586614 0 P 0
L 1.2734252 -0.1413386 1.2734252 -0.0586614 0 P 0
L 1.2734252 -0.1413386 1.3265749 -0.1413386 0 P 0
L 1.2734252 0.2586614 1.2734252 0.3413386 0 P 0
L 1.2734252 0.2586614 1.3265749 0.2586614 0 P 0
L 1.2734252 -0.2586614 1.3265749 -0.2586614 0 P 0
L 1.2734252 -0.3413386 1.2734252 -0.2586614 0 P 0
L 1.2734252 0.3413386 1.3265749 0.3413386 0 P 0
L 1.2734252 -0.3413386 1.3265749 -0.3413386 0 P 0
L 1.2734252 0.4586614 1.2734252 0.5413386 0 P 0
L 1.2734252 -0.4586614 1.3265749 -0.4586614 0 P 0
L 1.2734252 0.4586614 1.3265749 0.4586614 0 P 0
L 1.2734252 -0.5413386 1.2734252 -0.4586614 0 P 0
L 1.2734252 -0.5413386 1.3265749 -0.5413386 0 P 0
L 1.2734252 0.5413386 1.3265749 0.5413386 0 P 0
L 1.2734252 0.6586614 1.2734252 0.7413386 0 P 0
L 1.2734252 0.6586614 1.3265749 0.6586614 0 P 0
L 1.2734252 -0.6586614 1.3265749 -0.6586614 0 P 0
L 1.2734252 -0.7413386 1.2734252 -0.6586614 0 P 0
L 1.2734252 0.7413386 1.3265749 0.7413386 0 P 0
L 1.2734252 -0.7413386 1.3265749 -0.7413386 0 P 0
L -1.3265748 -0.0586614 -1.2734251 -0.0586614 0 P 0
L -1.3265748 -0.1413386 -1.2734251 -0.1413386 0 P 0
L -1.3265748 -0.1413386 -1.3265748 -0.0586614 0 P 0
L -1.3265748 0.2586614 -1.2734251 0.2586614 0 P 0
L -1.3265748 -0.2586614 -1.2734251 -0.2586614 0 P 0
L -1.3265748 0.2586614 -1.3265748 0.3413386 0 P 0
L -1.3265748 0.3413386 -1.2734251 0.3413386 0 P 0
L -1.3265748 -0.3413386 -1.2734251 -0.3413386 0 P 0
L -1.3265748 -0.3413386 -1.3265748 -0.2586614 0 P 0
L -1.3265748 0.4586614 -1.2734251 0.4586614 0 P 0
L -1.3265748 -0.4586614 -1.2734251 -0.4586614 0 P 0
L -1.3265748 0.4586614 -1.3265748 0.5413386 0 P 0
L -1.3265748 0.5413386 -1.2734251 0.5413386 0 P 0
L -1.3265748 -0.5413386 -1.2734251 -0.5413386 0 P 0
L -1.3265748 -0.5413386 -1.3265748 -0.4586614 0 P 0
L -1.3265748 0.6586614 -1.2734251 0.6586614 0 P 0
L -1.3265748 -0.6586614 -1.2734251 -0.6586614 0 P 0
L -1.3265748 0.6586614 -1.3265748 0.7413386 0 P 0
L -1.3265748 0.7413386 -1.2734251 0.7413386 0 P 0
L -1.3265748 -0.7413386 -1.2734251 -0.7413386 0 P 0
L -1.3265748 -0.7413386 -1.3265748 -0.6586614 0 P 0
L 1.3265749 -0.1413386 1.3265749 -0.0586614 0 P 0
L 1.3265749 0.2586614 1.3265749 0.3413386 0 P 0
L 1.3265749 -0.3413386 1.3265749 -0.2586614 0 P 0
L 1.3265749 0.4586614 1.3265749 0.5413386 0 P 0
L 1.3265749 -0.5413386 1.3265749 -0.4586614 0 P 0
L 1.3265749 0.6586614 1.3265749 0.7413386 0 P 0
L 1.3265749 -0.7413386 1.3265749 -0.6586614 0 P 0
L 1.3275589 0.8576772 1.3275589 0.9423229 0 P 0
L -1.3275592 0.8576772 -1.2724411 0.8576772 0 P 0
L -1.3275592 0.8576772 -1.3275592 0.9423229 0 P 0
L -1.3275592 0.9423229 -1.2724411 0.9423229 0 P 0
L -1.3276772 -0.0175589 -1.3276772 0.0375592 0 P 0
L -1.3423229 0.0624411 -1.2576772 0.0624411 0 P 0
L -1.3423229 0.0624411 -1.3423229 0.1175592 0 P 0
L -1.3423229 0.1175592 -1.2576772 0.1175592 0 P 0
L -1.36 0.025 -1.24 0.025 0 P 0
L 1.36 0.025 1.36 0.175 0 P 0
L -1.36 0.025 -1.36 0.175 0 P 0
L -1.36 0.175 -1.24 0.175 0 P 0
L 1.3724411 0.8576771 1.3724411 0.9423228 0 P 0
L 1.3724411 0.8576771 1.4275592 0.8576771 0 P 0
L 1.3724411 0.9423228 1.4275592 0.9423228 0 P 0
L -1.3824411 0.1176771 -1.3824411 0.2023228 0 P 0
L -1.4066929 0.6437007 -0.9933071 0.6437007 0 P 0
L -1.4066929 0.6437007 -1.4066929 0.8562991 0 P 0
L 1.4066929 0.6437007 1.4066929 0.8562991 0 P 0
L -1.4066929 0.8562991 -0.9933071 0.8562991 0 P 0
L -1.4123229 -0.0175589 -1.3276772 -0.0175589 0 P 0
L -1.4123229 -0.0175589 -1.4123229 0.0375592 0 P 0
L -1.4123229 0.0375592 -1.3276772 0.0375592 0 P 0
L 1.4275592 0.8576771 1.4275592 0.9423228 0 P 0
L -1.4375592 0.1176771 -1.3824411 0.1176771 0 P 0
L -1.4375592 0.1176771 -1.4375592 0.2023228 0 P 0
L -1.4375592 0.2023228 -1.3824411 0.2023228 0 P 0
L 1.4724408 0.8576772 1.4724408 0.9423229 0 P 0
L 1.4724408 0.8576772 1.5275589 0.8576772 0 P 0
L 1.4724408 0.9423229 1.5275589 0.9423229 0 P 0
L -1.4724411 0.8576772 -1.4724411 0.9423229 0 P 0
L -1.4734251 0.0586614 -1.4734251 0.1413386 0 P 0
L -1.4734251 -0.1413386 -1.4734251 -0.0586614 0 P 0
L -1.4734251 0.2586614 -1.4734251 0.3413386 0 P 0
L -1.4734251 -0.3413386 -1.4734251 -0.2586614 0 P 0
L -1.4734251 0.4586614 -1.4734251 0.5413386 0 P 0
L -1.4734251 -0.5413386 -1.4734251 -0.4586614 0 P 0
L -1.4734251 0.6586614 -1.4734251 0.7413386 0 P 0
L -1.4734251 -0.7413386 -1.4734251 -0.6586614 0 P 0
L 1.4734252 0.0586614 1.4734252 0.1413386 0 P 0
L 1.4734252 0.0586614 1.5265749 0.0586614 0 P 0
L 1.4734252 -0.0586614 1.5265749 -0.0586614 0 P 0
L 1.4734252 -0.1413386 1.4734252 -0.0586614 0 P 0
L 1.4734252 0.1413386 1.5265749 0.1413386 0 P 0
L 1.4734252 -0.1413386 1.5265749 -0.1413386 0 P 0
L 1.4734252 0.2586614 1.4734252 0.3413386 0 P 0
L 1.4734252 0.2586614 1.5265749 0.2586614 0 P 0
L 1.4734252 -0.2586614 1.5265749 -0.2586614 0 P 0
L 1.4734252 -0.3413386 1.4734252 -0.2586614 0 P 0
L 1.4734252 0.3413386 1.5265749 0.3413386 0 P 0
L 1.4734252 -0.3413386 1.5265749 -0.3413386 0 P 0
L 1.4734252 0.4586614 1.4734252 0.5413386 0 P 0
L 1.4734252 -0.4586614 1.5265749 -0.4586614 0 P 0
L 1.4734252 0.4586614 1.5265749 0.4586614 0 P 0
L 1.4734252 -0.5413386 1.4734252 -0.4586614 0 P 0
L 1.4734252 -0.5413386 1.5265749 -0.5413386 0 P 0
L 1.4734252 0.5413386 1.5265749 0.5413386 0 P 0
L 1.4734252 0.6586614 1.4734252 0.7413386 0 P 0
L 1.4734252 0.6586614 1.5265749 0.6586614 0 P 0
L 1.4734252 -0.6586614 1.5265749 -0.6586614 0 P 0
L 1.4734252 -0.7413386 1.4734252 -0.6586614 0 P 0
L 1.4734252 0.7413386 1.5265749 0.7413386 0 P 0
L 1.4734252 -0.7413386 1.5265749 -0.7413386 0 P 0
L -1.5265748 -0.0586614 -1.4734251 -0.0586614 0 P 0
L -1.5265748 0.0586614 -1.4734251 0.0586614 0 P 0
L -1.5265748 0.0586614 -1.5265748 0.1413386 0 P 0
L -1.5265748 -0.1413386 -1.4734251 -0.1413386 0 P 0
L -1.5265748 0.1413386 -1.4734251 0.1413386 0 P 0
L -1.5265748 -0.1413386 -1.5265748 -0.0586614 0 P 0
L -1.5265748 0.2586614 -1.4734251 0.2586614 0 P 0
L -1.5265748 -0.2586614 -1.4734251 -0.2586614 0 P 0
L -1.5265748 0.2586614 -1.5265748 0.3413386 0 P 0
L -1.5265748 0.3413386 -1.4734251 0.3413386 0 P 0
L -1.5265748 -0.3413386 -1.4734251 -0.3413386 0 P 0
L -1.5265748 -0.3413386 -1.5265748 -0.2586614 0 P 0
L -1.5265748 0.4586614 -1.4734251 0.4586614 0 P 0
L -1.5265748 -0.4586614 -1.4734251 -0.4586614 0 P 0
L -1.5265748 0.4586614 -1.5265748 0.5413386 0 P 0
L -1.5265748 0.5413386 -1.4734251 0.5413386 0 P 0
L -1.5265748 -0.5413386 -1.4734251 -0.5413386 0 P 0
L -1.5265748 -0.5413386 -1.5265748 -0.4586614 0 P 0
L -1.5265748 0.6586614 -1.4734251 0.6586614 0 P 0
L -1.5265748 -0.6586614 -1.4734251 -0.6586614 0 P 0
L -1.5265748 0.6586614 -1.5265748 0.7413386 0 P 0
L -1.5265748 0.7413386 -1.4734251 0.7413386 0 P 0
L -1.5265748 -0.7413386 -1.4734251 -0.7413386 0 P 0
L -1.5265748 -0.7413386 -1.5265748 -0.6586614 0 P 0
L 1.5265749 0.0586614 1.5265749 0.1413386 0 P 0
L 1.5265749 -0.1413386 1.5265749 -0.0586614 0 P 0
L 1.5265749 0.2586614 1.5265749 0.3413386 0 P 0
L 1.5265749 -0.3413386 1.5265749 -0.2586614 0 P 0
L 1.5265749 0.4586614 1.5265749 0.5413386 0 P 0
L 1.5265749 -0.5413386 1.5265749 -0.4586614 0 P 0
L 1.5265749 0.6586614 1.5265749 0.7413386 0 P 0
L 1.5265749 -0.7413386 1.5265749 -0.6586614 0 P 0
L 1.5275589 0.8576772 1.5275589 0.9423229 0 P 0
L -1.5275592 0.8576772 -1.4724411 0.8576772 0 P 0
L -1.5275592 0.8576772 -1.5275592 0.9423229 0 P 0
L -1.5275592 0.9423229 -1.4724411 0.9423229 0 P 0
L -1.5924408 0.8576771 -1.5924408 0.9423228 0 P 0
L 1.5933071 0.6437007 1.5933071 0.8562991 0 P 0
L -1.5933071 0.6437007 -1.5933071 0.8562991 0 P 0
L 1.5933071 0.6437007 2.0066929 0.6437007 0 P 0
L 1.5933071 0.8562991 2.0066929 0.8562991 0 P 0
L -1.6222047 0.1322047 -1.6222047 0.4077952 0 P 0
L -1.6475589 0.8576771 -1.5924408 0.8576771 0 P 0
L -1.6475589 0.8576771 -1.6475589 0.9423228 0 P 0
L -1.6475589 0.9423228 -1.5924408 0.9423228 0 P 0
L 1.6724408 0.8576772 1.6724408 0.9423229 0 P 0
L 1.6724408 0.8576772 1.7275589 0.8576772 0 P 0
L 1.6724408 0.9423229 1.7275589 0.9423229 0 P 0
L -1.6724411 0.8576772 -1.6724411 0.9423229 0 P 0
L -1.6734251 0.0586614 -1.6734251 0.1413386 0 P 0
L -1.6734251 -0.1413386 -1.6734251 -0.0586614 0 P 0
L -1.6734251 0.2586614 -1.6734251 0.3413386 0 P 0
L -1.6734251 -0.3413386 -1.6734251 -0.2586614 0 P 0
L -1.6734251 0.4586614 -1.6734251 0.5413386 0 P 0
L -1.6734251 -0.5413386 -1.6734251 -0.4586614 0 P 0
L -1.6734251 0.6586614 -1.6734251 0.7413386 0 P 0
L -1.6734251 -0.7413386 -1.6734251 -0.6586614 0 P 0
L 1.6734252 0.0586614 1.6734252 0.1413386 0 P 0
L 1.6734252 0.0586614 1.7265749 0.0586614 0 P 0
L 1.6734252 -0.0586614 1.7265749 -0.0586614 0 P 0
L 1.6734252 -0.1413386 1.6734252 -0.0586614 0 P 0
L 1.6734252 0.1413386 1.7265749 0.1413386 0 P 0
L 1.6734252 -0.1413386 1.7265749 -0.1413386 0 P 0
L 1.6734252 0.2586614 1.6734252 0.3413386 0 P 0
L 1.6734252 0.2586614 1.7265749 0.2586614 0 P 0
L 1.6734252 -0.2586614 1.7265749 -0.2586614 0 P 0
L 1.6734252 -0.3413386 1.6734252 -0.2586614 0 P 0
L 1.6734252 0.3413386 1.7265749 0.3413386 0 P 0
L 1.6734252 -0.3413386 1.7265749 -0.3413386 0 P 0
L 1.6734252 0.4586614 1.6734252 0.5413386 0 P 0
L 1.6734252 -0.4586614 1.7265749 -0.4586614 0 P 0
L 1.6734252 0.4586614 1.7265749 0.4586614 0 P 0
L 1.6734252 -0.5413386 1.6734252 -0.4586614 0 P 0
L 1.6734252 -0.5413386 1.7265749 -0.5413386 0 P 0
L 1.6734252 0.5413386 1.7265749 0.5413386 0 P 0
L 1.6734252 0.6586614 1.6734252 0.7413386 0 P 0
L 1.6734252 0.6586614 1.7265749 0.6586614 0 P 0
L 1.6734252 -0.6586614 1.7265749 -0.6586614 0 P 0
L 1.6734252 -0.7413386 1.6734252 -0.6586614 0 P 0
L 1.6734252 0.7413386 1.7265749 0.7413386 0 P 0
L 1.6734252 -0.7413386 1.7265749 -0.7413386 0 P 0
L -1.7265748 -0.0586614 -1.6734251 -0.0586614 0 P 0
L -1.7265748 0.0586614 -1.6734251 0.0586614 0 P 0
L -1.7265748 0.0586614 -1.7265748 0.1413386 0 P 0
L -1.7265748 -0.1413386 -1.6734251 -0.1413386 0 P 0
L -1.7265748 0.1413386 -1.6734251 0.1413386 0 P 0
L -1.7265748 -0.1413386 -1.7265748 -0.0586614 0 P 0
L -1.7265748 0.2586614 -1.6734251 0.2586614 0 P 0
L -1.7265748 -0.2586614 -1.6734251 -0.2586614 0 P 0
L -1.7265748 0.2586614 -1.7265748 0.3413386 0 P 0
L -1.7265748 0.3413386 -1.6734251 0.3413386 0 P 0
L -1.7265748 -0.3413386 -1.6734251 -0.3413386 0 P 0
L -1.7265748 -0.3413386 -1.7265748 -0.2586614 0 P 0
L -1.7265748 0.4586614 -1.6734251 0.4586614 0 P 0
L -1.7265748 -0.4586614 -1.6734251 -0.4586614 0 P 0
L -1.7265748 0.4586614 -1.7265748 0.5413386 0 P 0
L -1.7265748 0.5413386 -1.6734251 0.5413386 0 P 0
L -1.7265748 -0.5413386 -1.6734251 -0.5413386 0 P 0
L -1.7265748 -0.5413386 -1.7265748 -0.4586614 0 P 0
L -1.7265748 -0.6586614 -1.6734251 -0.6586614 0 P 0
L -1.7265748 0.6586614 -1.6734251 0.6586614 0 P 0
L -1.7265748 0.6586614 -1.7265748 0.7413386 0 P 0
L -1.7265748 -0.7413386 -1.6734251 -0.7413386 0 P 0
L -1.7265748 0.7413386 -1.6734251 0.7413386 0 P 0
L -1.7265748 -0.7413386 -1.7265748 -0.6586614 0 P 0
L 1.7265749 0.0586614 1.7265749 0.1413386 0 P 0
L 1.7265749 -0.1413386 1.7265749 -0.0586614 0 P 0
L 1.7265749 0.2586614 1.7265749 0.3413386 0 P 0
L 1.7265749 -0.3413386 1.7265749 -0.2586614 0 P 0
L 1.7265749 0.4586614 1.7265749 0.5413386 0 P 0
L 1.7265749 -0.5413386 1.7265749 -0.4586614 0 P 0
L 1.7265749 0.6586614 1.7265749 0.7413386 0 P 0
L 1.7265749 -0.7413386 1.7265749 -0.6586614 0 P 0
L 1.7275589 0.8576772 1.7275589 0.9423229 0 P 0
L -1.7275592 0.8576772 -1.6724411 0.8576772 0 P 0
L -1.7275592 0.8576772 -1.7275592 0.9423229 0 P 0
L -1.7275592 0.9423229 -1.6724411 0.9423229 0 P 0
L 1.8724408 0.8576772 1.8724408 0.9423229 0 P 0
L 1.8724408 0.8576772 1.9275589 0.8576772 0 P 0
L 1.8724408 0.9423229 1.9275589 0.9423229 0 P 0
L -1.8724411 0.8576772 -1.8724411 0.9423229 0 P 0
L -1.8734251 0.0586614 -1.8734251 0.1413386 0 P 0
L -1.8734251 -0.1413386 -1.8734251 -0.0586614 0 P 0
L -1.8734251 0.2586614 -1.8734251 0.3413386 0 P 0
L -1.8734251 -0.3413386 -1.8734251 -0.2586614 0 P 0
L -1.8734251 0.4586614 -1.8734251 0.5413386 0 P 0
L -1.8734251 -0.5413386 -1.8734251 -0.4586614 0 P 0
L -1.8734251 0.6586614 -1.8734251 0.7413386 0 P 0
L -1.8734251 -0.7413386 -1.8734251 -0.6586614 0 P 0
L 1.8734252 0.0586614 1.8734252 0.1413386 0 P 0
L 1.8734252 0.0586614 1.9265749 0.0586614 0 P 0
L 1.8734252 -0.0586614 1.9265749 -0.0586614 0 P 0
L 1.8734252 -0.1413386 1.8734252 -0.0586614 0 P 0
L 1.8734252 0.1413386 1.9265749 0.1413386 0 P 0
L 1.8734252 -0.1413386 1.9265749 -0.1413386 0 P 0
L 1.8734252 0.2586614 1.8734252 0.3413386 0 P 0
L 1.8734252 0.2586614 1.9265749 0.2586614 0 P 0
L 1.8734252 -0.2586614 1.9265749 -0.2586614 0 P 0
L 1.8734252 -0.3413386 1.8734252 -0.2586614 0 P 0
L 1.8734252 0.3413386 1.9265749 0.3413386 0 P 0
L 1.8734252 -0.3413386 1.9265749 -0.3413386 0 P 0
L 1.8734252 0.4586614 1.8734252 0.5413386 0 P 0
L 1.8734252 -0.4586614 1.9265749 -0.4586614 0 P 0
L 1.8734252 0.4586614 1.9265749 0.4586614 0 P 0
L 1.8734252 -0.5413386 1.8734252 -0.4586614 0 P 0
L 1.8734252 -0.5413386 1.9265749 -0.5413386 0 P 0
L 1.8734252 0.5413386 1.9265749 0.5413386 0 P 0
L 1.8734252 0.6586614 1.8734252 0.7413386 0 P 0
L 1.8734252 0.6586614 1.9265749 0.6586614 0 P 0
L 1.8734252 -0.6586614 1.9265749 -0.6586614 0 P 0
L 1.8734252 -0.7413386 1.8734252 -0.6586614 0 P 0
L 1.8734252 0.7413386 1.9265749 0.7413386 0 P 0
L 1.8734252 -0.7413386 1.9265749 -0.7413386 0 P 0
L -1.8977952 0.1322047 -1.6222047 0.1322047 0 P 0
L -1.8977952 0.1322047 -1.8977952 0.4077952 0 P 0
L -1.8977952 0.4077952 -1.6222047 0.4077952 0 P 0
L -1.9265748 -0.0586614 -1.8734251 -0.0586614 0 P 0
L -1.9265748 0.0586614 -1.8734251 0.0586614 0 P 0
L -1.9265748 0.0586614 -1.9265748 0.1413386 0 P 0
L -1.9265748 -0.1413386 -1.8734251 -0.1413386 0 P 0
L -1.9265748 0.1413386 -1.8734251 0.1413386 0 P 0
L -1.9265748 -0.1413386 -1.9265748 -0.0586614 0 P 0
L -1.9265748 0.2586614 -1.8734251 0.2586614 0 P 0
L -1.9265748 -0.2586614 -1.8734251 -0.2586614 0 P 0
L -1.9265748 0.2586614 -1.9265748 0.3413386 0 P 0
L -1.9265748 0.3413386 -1.8734251 0.3413386 0 P 0
L -1.9265748 -0.3413386 -1.8734251 -0.3413386 0 P 0
L -1.9265748 -0.3413386 -1.9265748 -0.2586614 0 P 0
L -1.9265748 0.4586614 -1.8734251 0.4586614 0 P 0
L -1.9265748 -0.4586614 -1.8734251 -0.4586614 0 P 0
L -1.9265748 0.4586614 -1.9265748 0.5413386 0 P 0
L -1.9265748 0.5413386 -1.8734251 0.5413386 0 P 0
L -1.9265748 -0.5413386 -1.8734251 -0.5413386 0 P 0
L -1.9265748 -0.5413386 -1.9265748 -0.4586614 0 P 0
L -1.9265748 -0.6586614 -1.8734251 -0.6586614 0 P 0
L -1.9265748 0.6586614 -1.8734251 0.6586614 0 P 0
L -1.9265748 0.6586614 -1.9265748 0.7413386 0 P 0
L -1.9265748 -0.7413386 -1.8734251 -0.7413386 0 P 0
L -1.9265748 0.7413386 -1.8734251 0.7413386 0 P 0
L -1.9265748 -0.7413386 -1.9265748 -0.6586614 0 P 0
L 1.9265749 0.0586614 1.9265749 0.1413386 0 P 0
L 1.9265749 -0.1413386 1.9265749 -0.0586614 0 P 0
L 1.9265749 0.2586614 1.9265749 0.3413386 0 P 0
L 1.9265749 -0.3413386 1.9265749 -0.2586614 0 P 0
L 1.9265749 0.4586614 1.9265749 0.5413386 0 P 0
L 1.9265749 -0.5413386 1.9265749 -0.4586614 0 P 0
L 1.9265749 0.6586614 1.9265749 0.7413386 0 P 0
L 1.9265749 -0.7413386 1.9265749 -0.6586614 0 P 0
L 1.9275589 0.8576772 1.9275589 0.9423229 0 P 0
L -1.9275592 0.8576772 -1.8724411 0.8576772 0 P 0
L -1.9275592 0.8576772 -1.9275592 0.9423229 0 P 0
L -1.9275592 0.9423229 -1.8724411 0.9423229 0 P 0
L -1.9776772 0.4424411 -1.9776772 0.4975592 0 P 0
L 1.9924411 0.8576771 1.9924411 0.9423228 0 P 0
L 1.9924411 0.8576771 2.0475592 0.8576771 0 P 0
L 1.9924411 0.9423228 2.0475592 0.9423228 0 P 0
L -2.0066929 0.6437007 -1.5933071 0.6437007 0 P 0
L 2.0066929 0.6437007 2.0066929 0.8562991 0 P 0
L -2.0066929 0.6437007 -2.0066929 0.8562991 0 P 0
L -2.0066929 0.8562991 -1.5933071 0.8562991 0 P 0
L 2.0475592 0.8576771 2.0475592 0.9423228 0 P 0
L -2.0623229 0.4424411 -1.9776772 0.4424411 0 P 0
L -2.0623229 0.4424411 -2.0623229 0.4975592 0 P 0
L -2.0623229 0.4975592 -1.9776772 0.4975592 0 P 0
L 2.0724408 0.8576772 2.0724408 0.9423229 0 P 0
L 2.0724408 0.8576772 2.1275589 0.8576772 0 P 0
L 2.0724408 0.9423229 2.1275589 0.9423229 0 P 0
L -2.0724411 0.8576772 -2.0724411 0.9423229 0 P 0
L -2.0734251 0.0586614 -2.0734251 0.1413386 0 P 0
L -2.0734251 -0.1413386 -2.0734251 -0.0586614 0 P 0
L -2.0734251 0.2586614 -2.0734251 0.3413386 0 P 0
L -2.0734251 -0.3413386 -2.0734251 -0.2586614 0 P 0
L -2.0734251 0.4586614 -2.0734251 0.5413386 0 P 0
L -2.0734251 -0.5413386 -2.0734251 -0.4586614 0 P 0
L -2.0734251 0.6586614 -2.0734251 0.7413386 0 P 0
L -2.0734251 -0.7413386 -2.0734251 -0.6586614 0 P 0
L 2.0734252 0.0586614 2.0734252 0.1413386 0 P 0
L 2.0734252 0.0586614 2.1265749 0.0586614 0 P 0
L 2.0734252 -0.0586614 2.1265749 -0.0586614 0 P 0
L 2.0734252 -0.1413386 2.0734252 -0.0586614 0 P 0
L 2.0734252 0.1413386 2.1265749 0.1413386 0 P 0
L 2.0734252 -0.1413386 2.1265749 -0.1413386 0 P 0
L 2.0734252 0.2586614 2.0734252 0.3413386 0 P 0
L 2.0734252 0.2586614 2.1265749 0.2586614 0 P 0
L 2.0734252 -0.2586614 2.1265749 -0.2586614 0 P 0
L 2.0734252 -0.3413386 2.0734252 -0.2586614 0 P 0
L 2.0734252 0.3413386 2.1265749 0.3413386 0 P 0
L 2.0734252 -0.3413386 2.1265749 -0.3413386 0 P 0
L 2.0734252 0.4586614 2.0734252 0.5413386 0 P 0
L 2.0734252 -0.4586614 2.1265749 -0.4586614 0 P 0
L 2.0734252 0.4586614 2.1265749 0.4586614 0 P 0
L 2.0734252 -0.5413386 2.0734252 -0.4586614 0 P 0
L 2.0734252 -0.5413386 2.1265749 -0.5413386 0 P 0
L 2.0734252 0.5413386 2.1265749 0.5413386 0 P 0
L 2.0734252 0.6586614 2.0734252 0.7413386 0 P 0
L 2.0734252 0.6586614 2.1265749 0.6586614 0 P 0
L 2.0734252 -0.6586614 2.1265749 -0.6586614 0 P 0
L 2.0734252 -0.7413386 2.0734252 -0.6586614 0 P 0
L 2.0734252 0.7413386 2.1265749 0.7413386 0 P 0
L 2.0734252 -0.7413386 2.1265749 -0.7413386 0 P 0
L -2.1265748 -0.0586614 -2.0734251 -0.0586614 0 P 0
L -2.1265748 0.0586614 -2.0734251 0.0586614 0 P 0
L -2.1265748 0.0586614 -2.1265748 0.1413386 0 P 0
L -2.1265748 -0.1413386 -2.0734251 -0.1413386 0 P 0
L -2.1265748 0.1413386 -2.0734251 0.1413386 0 P 0
L -2.1265748 -0.1413386 -2.1265748 -0.0586614 0 P 0
L -2.1265748 0.2586614 -2.0734251 0.2586614 0 P 0
L -2.1265748 -0.2586614 -2.0734251 -0.2586614 0 P 0
L -2.1265748 0.2586614 -2.1265748 0.3413386 0 P 0
L -2.1265748 0.3413386 -2.0734251 0.3413386 0 P 0
L -2.1265748 -0.3413386 -2.0734251 -0.3413386 0 P 0
L -2.1265748 -0.3413386 -2.1265748 -0.2586614 0 P 0
L -2.1265748 0.4586614 -2.0734251 0.4586614 0 P 0
L -2.1265748 -0.4586614 -2.0734251 -0.4586614 0 P 0
L -2.1265748 0.4586614 -2.1265748 0.5413386 0 P 0
L -2.1265748 0.5413386 -2.0734251 0.5413386 0 P 0
L -2.1265748 -0.5413386 -2.0734251 -0.5413386 0 P 0
L -2.1265748 -0.5413386 -2.1265748 -0.4586614 0 P 0
L -2.1265748 -0.6586614 -2.0734251 -0.6586614 0 P 0
L -2.1265748 0.6586614 -2.0734251 0.6586614 0 P 0
L -2.1265748 0.6586614 -2.1265748 0.7413386 0 P 0
L -2.1265748 -0.7413386 -2.0734251 -0.7413386 0 P 0
L -2.1265748 0.7413386 -2.0734251 0.7413386 0 P 0
L -2.1265748 -0.7413386 -2.1265748 -0.6586614 0 P 0
L 2.1265749 0.0586614 2.1265749 0.1413386 0 P 0
L 2.1265749 -0.1413386 2.1265749 -0.0586614 0 P 0
L 2.1265749 0.2586614 2.1265749 0.3413386 0 P 0
L 2.1265749 -0.3413386 2.1265749 -0.2586614 0 P 0
L 2.1265749 0.4586614 2.1265749 0.5413386 0 P 0
L 2.1265749 -0.5413386 2.1265749 -0.4586614 0 P 0
L 2.1265749 0.6586614 2.1265749 0.7413386 0 P 0
L 2.1265749 -0.7413386 2.1265749 -0.6586614 0 P 0
L 2.1275589 0.8576772 2.1275589 0.9423229 0 P 0
L -2.1275592 0.8576772 -2.0724411 0.8576772 0 P 0
L -2.1275592 0.8576772 -2.1275592 0.9423229 0 P 0
L -2.1275592 0.9423229 -2.0724411 0.9423229 0 P 0
L 2.1909449 -0.002441 2.3090551 -0.002441 0 P 0
L 2.1909449 -0.0575591 2.1909449 -0.002441 0 P 0
L 2.1909449 -0.0575591 2.3090551 -0.0575591 0 P 0
L -2.1909449 -0.077559 -2.1909449 -0.0224409 0 P 0
L -2.1909449 0.122441 -2.1909449 0.1775591 0 P 0
L 2.1909449 0.1424409 2.1909449 0.197559 0 P 0
L 2.1909449 0.1424409 2.3090551 0.1424409 0 P 0
L 2.1909449 0.197559 2.3090551 0.197559 0 P 0
L 2.1909449 -0.202441 2.3090551 -0.202441 0 P 0
L 2.1909449 -0.2575591 2.1909449 -0.202441 0 P 0
L 2.1909449 -0.2575591 2.3090551 -0.2575591 0 P 0
L -2.1909449 -0.277559 -2.1909449 -0.2224409 0 P 0
L -2.1909449 0.322441 -2.1909449 0.3775591 0 P 0
L 2.1909449 0.3424409 2.1909449 0.397559 0 P 0
L 2.1909449 0.3424409 2.3090551 0.3424409 0 P 0
L 2.1909449 0.397559 2.3090551 0.397559 0 P 0
L 2.1909449 -0.402441 2.3090551 -0.402441 0 P 0
L 2.1909449 -0.4575591 2.1909449 -0.402441 0 P 0
L 2.1909449 -0.4575591 2.3090551 -0.4575591 0 P 0
L -2.1909449 -0.477559 -2.1909449 -0.4224409 0 P 0
L -2.1909449 0.522441 -2.1909449 0.5775591 0 P 0
L 2.1909449 0.5424409 2.1909449 0.597559 0 P 0
L 2.1909449 0.5424409 2.3090551 0.5424409 0 P 0
L 2.1909449 0.597559 2.3090551 0.597559 0 P 0
L 2.1909449 -0.602441 2.3090551 -0.602441 0 P 0
L 2.1909449 -0.6575591 2.1909449 -0.602441 0 P 0
L 2.1909449 -0.6575591 2.3090551 -0.6575591 0 P 0
L -2.1909449 -0.677559 -2.1909449 -0.6224409 0 P 0
L -2.1909449 0.722441 -2.1909449 0.7775591 0 P 0
L 2.1909449 0.7424409 2.1909449 0.797559 0 P 0
L 2.1909449 0.7424409 2.3090551 0.7424409 0 P 0
L 2.1909449 0.797559 2.3090551 0.797559 0 P 0
L -2.3090551 -0.0224409 -2.1909449 -0.0224409 0 P 0
L 2.3090551 -0.0575591 2.3090551 -0.002441 0 P 0
L -2.3090551 -0.077559 -2.1909449 -0.077559 0 P 0
L -2.3090551 -0.077559 -2.3090551 -0.0224409 0 P 0
L -2.3090551 0.122441 -2.1909449 0.122441 0 P 0
L -2.3090551 0.122441 -2.3090551 0.1775591 0 P 0
L 2.3090551 0.1424409 2.3090551 0.197559 0 P 0
L -2.3090551 0.1775591 -2.1909449 0.1775591 0 P 0
L -2.3090551 -0.2224409 -2.1909449 -0.2224409 0 P 0
L 2.3090551 -0.2575591 2.3090551 -0.202441 0 P 0
L -2.3090551 -0.277559 -2.1909449 -0.277559 0 P 0
L -2.3090551 -0.277559 -2.3090551 -0.2224409 0 P 0
L -2.3090551 0.322441 -2.1909449 0.322441 0 P 0
L -2.3090551 0.322441 -2.3090551 0.3775591 0 P 0
L 2.3090551 0.3424409 2.3090551 0.397559 0 P 0
L -2.3090551 0.3775591 -2.1909449 0.3775591 0 P 0
L -2.3090551 -0.4224409 -2.1909449 -0.4224409 0 P 0
L 2.3090551 -0.4575591 2.3090551 -0.402441 0 P 0
L -2.3090551 -0.477559 -2.1909449 -0.477559 0 P 0
L -2.3090551 -0.477559 -2.3090551 -0.4224409 0 P 0
L -2.3090551 0.522441 -2.1909449 0.522441 0 P 0
L -2.3090551 0.522441 -2.3090551 0.5775591 0 P 0
L 2.3090551 0.5424409 2.3090551 0.597559 0 P 0
L -2.3090551 0.5775591 -2.1909449 0.5775591 0 P 0
L -2.3090551 -0.6224409 -2.1909449 -0.6224409 0 P 0
L 2.3090551 -0.6575591 2.3090551 -0.602441 0 P 0
L -2.3090551 -0.677559 -2.1909449 -0.677559 0 P 0
L -2.3090551 -0.677559 -2.3090551 -0.6224409 0 P 0
L -2.3090551 0.722441 -2.1909449 0.722441 0 P 0
L -2.3090551 0.722441 -2.3090551 0.7775591 0 P 0
L 2.3090551 0.7424409 2.3090551 0.797559 0 P 0
L -2.3090551 0.7775591 -2.1909449 0.7775591 0 P 0
L -2.3576771 0.0724411 -2.3576771 0.1275592 0 P 0
L -2.3576771 -0.1275589 -2.3576771 -0.0724408 0 P 0
L -2.3576771 0.2724411 -2.3576771 0.3275592 0 P 0
L -2.3576771 -0.3275589 -2.3576771 -0.2724408 0 P 0
L -2.3576771 0.4724411 -2.3576771 0.5275592 0 P 0
L -2.3576771 -0.5275589 -2.3576771 -0.4724408 0 P 0
L -2.3576771 0.6724411 -2.3576771 0.7275592 0 P 0
L -2.3576771 -0.7275589 -2.3576771 -0.6724408 0 P 0
L 2.3576772 -0.0724408 2.4423229 -0.0724408 0 P 0
L 2.3576772 0.0724411 2.3576772 0.1275592 0 P 0
L 2.3576772 0.0724411 2.4423229 0.0724411 0 P 0
L 2.3576772 -0.1275589 2.3576772 -0.0724408 0 P 0
L 2.3576772 -0.1275589 2.4423229 -0.1275589 0 P 0
L 2.3576772 0.1275592 2.4423229 0.1275592 0 P 0
L 2.3576772 -0.2724408 2.4423229 -0.2724408 0 P 0
L 2.3576772 0.2724411 2.3576772 0.3275592 0 P 0
L 2.3576772 0.2724411 2.4423229 0.2724411 0 P 0
L 2.3576772 -0.3275589 2.3576772 -0.2724408 0 P 0
L 2.3576772 -0.3275589 2.4423229 -0.3275589 0 P 0
L 2.3576772 0.3275592 2.4423229 0.3275592 0 P 0
L 2.3576772 -0.4724408 2.4423229 -0.4724408 0 P 0
L 2.3576772 0.4724411 2.3576772 0.5275592 0 P 0
L 2.3576772 0.4724411 2.4423229 0.4724411 0 P 0
L 2.3576772 -0.5275589 2.3576772 -0.4724408 0 P 0
L 2.3576772 -0.5275589 2.4423229 -0.5275589 0 P 0
L 2.3576772 0.5275592 2.4423229 0.5275592 0 P 0
L 2.3576772 -0.6724408 2.4423229 -0.6724408 0 P 0
L 2.3576772 0.6724411 2.3576772 0.7275592 0 P 0
L 2.3576772 0.6724411 2.4423229 0.6724411 0 P 0
L 2.3576772 -0.7275589 2.3576772 -0.6724408 0 P 0
L 2.3576772 -0.7275589 2.4423229 -0.7275589 0 P 0
L 2.3576772 0.7275592 2.4423229 0.7275592 0 P 0
L -2.4423228 -0.0724408 -2.3576771 -0.0724408 0 P 0
L -2.4423228 0.0724411 -2.3576771 0.0724411 0 P 0
L -2.4423228 0.0724411 -2.4423228 0.1275592 0 P 0
L -2.4423228 -0.1275589 -2.3576771 -0.1275589 0 P 0
L -2.4423228 -0.1275589 -2.4423228 -0.0724408 0 P 0
L -2.4423228 0.1275592 -2.3576771 0.1275592 0 P 0
L -2.4423228 -0.2724408 -2.3576771 -0.2724408 0 P 0
L -2.4423228 0.2724411 -2.3576771 0.2724411 0 P 0
L -2.4423228 0.2724411 -2.4423228 0.3275592 0 P 0
L -2.4423228 -0.3275589 -2.3576771 -0.3275589 0 P 0
L -2.4423228 -0.3275589 -2.4423228 -0.2724408 0 P 0
L -2.4423228 0.3275592 -2.3576771 0.3275592 0 P 0
L -2.4423228 -0.4724408 -2.3576771 -0.4724408 0 P 0
L -2.4423228 0.4724411 -2.3576771 0.4724411 0 P 0
L -2.4423228 0.4724411 -2.4423228 0.5275592 0 P 0
L -2.4423228 -0.5275589 -2.3576771 -0.5275589 0 P 0
L -2.4423228 -0.5275589 -2.4423228 -0.4724408 0 P 0
L -2.4423228 0.5275592 -2.3576771 0.5275592 0 P 0
L -2.4423228 -0.6724408 -2.3576771 -0.6724408 0 P 0
L -2.4423228 0.6724411 -2.3576771 0.6724411 0 P 0
L -2.4423228 0.6724411 -2.4423228 0.7275592 0 P 0
L -2.4423228 -0.7275589 -2.3576771 -0.7275589 0 P 0
L -2.4423228 -0.7275589 -2.4423228 -0.6724408 0 P 0
L -2.4423228 0.7275592 -2.3576771 0.7275592 0 P 0
L 2.4423229 0.0724411 2.4423229 0.1275592 0 P 0
L 2.4423229 -0.1275589 2.4423229 -0.0724408 0 P 0
L 2.4423229 0.2724411 2.4423229 0.3275592 0 P 0
L 2.4423229 -0.3275589 2.4423229 -0.2724408 0 P 0
L 2.4423229 0.4724411 2.4423229 0.5275592 0 P 0
L 2.4423229 -0.5275589 2.4423229 -0.4724408 0 P 0
L 2.4423229 0.6724411 2.4423229 0.7275592 0 P 0
L 2.4423229 -0.7275589 2.4423229 -0.6724408 0 P 0
