#Layer_Color=32768
#
#Feature symbol names
#
$0 r3.937

#
#Feature attribute names
#

#
#Layer features
#
L 1.8265354 1.3320866 1.8265354 1.4679134 0 P 0
L 1.8265354 1.3320866 1.8934645 1.3320866 0 P 0
L 1.8265354 1.4679134 1.8934645 1.4679134 0 P 0
L 1.8265354 1.5320866 1.8265354 1.6679134 0 P 0
L 1.8265354 1.5320866 1.8934645 1.5320866 0 P 0
L 1.8265354 1.6679134 1.8934645 1.6679134 0 P 0
L 1.8265354 1.7320866 1.8265354 1.8679134 0 P 0
L 1.8265354 1.7320866 1.8934645 1.7320866 0 P 0
L 1.8265354 1.8679134 1.8934645 1.8679134 0 P 0
L 1.8265354 1.9320866 1.8265354 2.0679134 0 P 0
L 1.8265354 1.9320866 1.8934645 1.9320866 0 P 0
L 1.8265354 2.0679134 1.8934645 2.0679134 0 P 0
L 1.8265354 2.1320866 1.8265354 2.2679134 0 P 0
L 1.8265354 2.1320866 1.8934645 2.1320866 0 P 0
L 1.8265354 2.2679134 1.8934645 2.2679134 0 P 0
L 1.8265354 2.3320866 1.8265354 2.4679134 0 P 0
L 1.8265354 2.3320866 1.8934645 2.3320866 0 P 0
L 1.8265354 2.4679134 1.8934645 2.4679134 0 P 0
L 1.8265354 2.5320866 1.8265354 2.6679134 0 P 0
L 1.8265354 2.5320866 1.8934645 2.5320866 0 P 0
L 1.8265354 2.6679134 1.8934645 2.6679134 0 P 0
L 1.8265354 2.7320866 1.8265354 2.8679134 0 P 0
L 1.8265354 2.7320866 1.8934645 2.7320866 0 P 0
L 1.8265354 2.8679134 1.8934645 2.8679134 0 P 0
L 1.8403149 1.4 1.879685 1.4 0 P 0
L 1.8403149 1.6 1.879685 1.6 0 P 0
L 1.8403149 1.8 1.879685 1.8 0 P 0
L 1.8403149 2 1.879685 2 0 P 0
L 1.8403149 2.2 1.879685 2.2 0 P 0
L 1.8403149 2.4 1.879685 2.4 0 P 0
L 1.8403149 2.6 1.879685 2.6 0 P 0
L 1.8403149 2.8 1.879685 2.8 0 P 0
L 1.86 1.380315 1.86 1.4196851 0 P 0
L 1.86 1.580315 1.86 1.6196851 0 P 0
L 1.86 1.780315 1.86 1.8196851 0 P 0
L 1.86 1.980315 1.86 2.0196851 0 P 0
L 1.86 2.180315 1.86 2.2196851 0 P 0
L 1.86 2.380315 1.86 2.4196851 0 P 0
L 1.86 2.580315 1.86 2.6196851 0 P 0
L 1.86 2.780315 1.86 2.8196851 0 P 0
L 1.865748 1.5459055 1.865748 2.0340945 0 P 0
L 1.865748 1.5459055 2.3342519 1.5459055 0 P 0
L 1.865748 2.0340945 2.3342519 2.0340945 0 P 0
L 1.8934645 1.3320866 1.8934645 1.4679134 0 P 0
L 1.8934645 1.5320866 1.8934645 1.6679134 0 P 0
L 1.8934645 1.7320866 1.8934645 1.8679134 0 P 0
L 1.8934645 1.9320866 1.8934645 2.0679134 0 P 0
L 1.8934645 2.1320866 1.8934645 2.2679134 0 P 0
L 1.8934645 2.3320866 1.8934645 2.4679134 0 P 0
L 1.8934645 2.5320866 1.8934645 2.6679134 0 P 0
L 1.8934645 2.7320866 1.8934645 2.8679134 0 P 0
L 1.9129922 2.0893701 1.9129922 2.5106299 0 P 0
L 1.9129922 2.0893701 2.2870079 2.0893701 0 P 0
L 1.9129922 2.5106299 2.2870079 2.5106299 0 P 0
L 2.0133858 2.5007874 2.0133858 2.5992126 0 P 0
L 2.0133858 2.5007874 2.1866142 2.5007874 0 P 0
L 2.0133858 2.5992126 2.1866142 2.5992126 0 P 0
L 2.0265354 1.3320866 2.0265354 1.4679134 0 P 0
L 2.0265354 1.3320866 2.0934645 1.3320866 0 P 0
L 2.0265354 1.4679134 2.0934645 1.4679134 0 P 0
L 2.0265354 1.5320866 2.0265354 1.6679134 0 P 0
L 2.0265354 1.5320866 2.0934645 1.5320866 0 P 0
L 2.0265354 1.6679134 2.0934645 1.6679134 0 P 0
L 2.0265354 1.7320866 2.0265354 1.8679134 0 P 0
L 2.0265354 1.7320866 2.0934645 1.7320866 0 P 0
L 2.0265354 1.8679134 2.0934645 1.8679134 0 P 0
L 2.0265354 1.9320866 2.0265354 2.0679134 0 P 0
L 2.0265354 1.9320866 2.0934645 1.9320866 0 P 0
L 2.0265354 2.0679134 2.0934645 2.0679134 0 P 0
L 2.0265354 2.1320866 2.0265354 2.2679134 0 P 0
L 2.0265354 2.1320866 2.0934645 2.1320866 0 P 0
L 2.0265354 2.2679134 2.0934645 2.2679134 0 P 0
L 2.0265354 2.3320866 2.0265354 2.4679134 0 P 0
L 2.0265354 2.3320866 2.0934645 2.3320866 0 P 0
L 2.0265354 2.4679134 2.0934645 2.4679134 0 P 0
L 2.0265354 2.5320866 2.0265354 2.6679134 0 P 0
L 2.0265354 2.5320866 2.0934645 2.5320866 0 P 0
L 2.0265354 2.6679134 2.0934645 2.6679134 0 P 0
L 2.0265354 2.7320866 2.0265354 2.8679134 0 P 0
L 2.0265354 2.7320866 2.0934645 2.7320866 0 P 0
L 2.0265354 2.8679134 2.0934645 2.8679134 0 P 0
L 2.0403149 1.4 2.079685 1.4 0 P 0
L 2.0403149 1.6 2.079685 1.6 0 P 0
L 2.0403149 1.8 2.079685 1.8 0 P 0
L 2.0403149 2 2.079685 2 0 P 0
L 2.0403149 2.2 2.079685 2.2 0 P 0
L 2.0403149 2.4 2.079685 2.4 0 P 0
L 2.0403149 2.6 2.079685 2.6 0 P 0
L 2.0403149 2.8 2.079685 2.8 0 P 0
L 2.06 1.380315 2.06 1.4196851 0 P 0
L 2.06 1.580315 2.06 1.6196851 0 P 0
L 2.06 1.780315 2.06 1.8196851 0 P 0
L 2.06 1.980315 2.06 2.0196851 0 P 0
L 2.06 2.180315 2.06 2.2196851 0 P 0
L 2.06 2.380315 2.06 2.4196851 0 P 0
L 2.06 2.580315 2.06 2.6196851 0 P 0
L 2.06 2.780315 2.06 2.8196851 0 P 0
L 2.0803149 1.79 2.119685 1.79 0 P 0
L 2.080315 2.3 2.1196851 2.3 0 P 0
L 2.080315 2.55 2.1196851 2.55 0 P 0
L 2.0934645 1.3320866 2.0934645 1.4679134 0 P 0
L 2.0934645 1.5320866 2.0934645 1.6679134 0 P 0
L 2.0934645 1.7320866 2.0934645 1.8679134 0 P 0
L 2.0934645 1.9320866 2.0934645 2.0679134 0 P 0
L 2.0934645 2.1320866 2.0934645 2.2679134 0 P 0
L 2.0934645 2.3320866 2.0934645 2.4679134 0 P 0
L 2.0934645 2.5320866 2.0934645 2.6679134 0 P 0
L 2.0934645 2.7320866 2.0934645 2.8679134 0 P 0
L 2.0999999 1.770315 2.0999999 1.809685 0 P 0
L 2.1 2.530315 2.1 2.5696851 0 P 0
L 2.1000001 2.280315 2.1000001 2.319685 0 P 0
L 2.1866142 2.5007874 2.1866142 2.5992126 0 P 0
L 2.2265354 1.3320866 2.2265354 1.4679134 0 P 0
L 2.2265354 1.3320866 2.2934645 1.3320866 0 P 0
L 2.2265354 1.4679134 2.2934645 1.4679134 0 P 0
L 2.2265354 1.5320866 2.2265354 1.6679134 0 P 0
L 2.2265354 1.5320866 2.2934645 1.5320866 0 P 0
L 2.2265354 1.6679134 2.2934645 1.6679134 0 P 0
L 2.2265354 1.7320866 2.2265354 1.8679134 0 P 0
L 2.2265354 1.7320866 2.2934645 1.7320866 0 P 0
L 2.2265354 1.8679134 2.2934645 1.8679134 0 P 0
L 2.2265354 1.9320866 2.2265354 2.0679134 0 P 0
L 2.2265354 1.9320866 2.2934645 1.9320866 0 P 0
L 2.2265354 2.0679134 2.2934645 2.0679134 0 P 0
L 2.2265354 2.1320866 2.2265354 2.2679134 0 P 0
L 2.2265354 2.1320866 2.2934645 2.1320866 0 P 0
L 2.2265354 2.2679134 2.2934645 2.2679134 0 P 0
L 2.2265354 2.3320866 2.2265354 2.4679134 0 P 0
L 2.2265354 2.3320866 2.2934645 2.3320866 0 P 0
L 2.2265354 2.4679134 2.2934645 2.4679134 0 P 0
L 2.2265354 2.5320866 2.2265354 2.6679134 0 P 0
L 2.2265354 2.5320866 2.2934645 2.5320866 0 P 0
L 2.2265354 2.6679134 2.2934645 2.6679134 0 P 0
L 2.2265354 2.7320866 2.2265354 2.8679134 0 P 0
L 2.2265354 2.7320866 2.2934645 2.7320866 0 P 0
L 2.2265354 2.8679134 2.2934645 2.8679134 0 P 0
L 2.2403149 1.4 2.279685 1.4 0 P 0
L 2.2403149 1.6 2.279685 1.6 0 P 0
L 2.2403149 1.8 2.279685 1.8 0 P 0
L 2.2403149 2 2.279685 2 0 P 0
L 2.2403149 2.2 2.279685 2.2 0 P 0
L 2.2403149 2.4 2.279685 2.4 0 P 0
L 2.2403149 2.6 2.279685 2.6 0 P 0
L 2.2403149 2.8 2.279685 2.8 0 P 0
L 2.26 1.380315 2.26 1.4196851 0 P 0
L 2.26 1.580315 2.26 1.6196851 0 P 0
L 2.26 1.780315 2.26 1.8196851 0 P 0
L 2.26 1.980315 2.26 2.0196851 0 P 0
L 2.26 2.180315 2.26 2.2196851 0 P 0
L 2.26 2.380315 2.26 2.4196851 0 P 0
L 2.26 2.580315 2.26 2.6196851 0 P 0
L 2.26 2.780315 2.26 2.8196851 0 P 0
L 2.2870079 2.0893701 2.2870079 2.5106299 0 P 0
L 2.2934645 1.3320866 2.2934645 1.4679134 0 P 0
L 2.2934645 1.5320866 2.2934645 1.6679134 0 P 0
L 2.2934645 1.7320866 2.2934645 1.8679134 0 P 0
L 2.2934645 1.9320866 2.2934645 2.0679134 0 P 0
L 2.2934645 2.1320866 2.2934645 2.2679134 0 P 0
L 2.2934645 2.3320866 2.2934645 2.4679134 0 P 0
L 2.2934645 2.5320866 2.2934645 2.6679134 0 P 0
L 2.2934645 2.7320866 2.2934645 2.8679134 0 P 0
L 2.3342519 1.5459055 2.3342519 2.0340945 0 P 0
L 2.3579921 1.6543701 2.3579921 2.0756299 0 P 0
L 2.3579921 1.6543701 2.7320078 1.6543701 0 P 0
L 2.3579921 2.0756299 2.7320078 2.0756299 0 P 0
L 2.4265354 1.3320866 2.4265354 1.4679134 0 P 0
L 2.4265354 1.3320866 2.4934645 1.3320866 0 P 0
L 2.4265354 1.4679134 2.4934645 1.4679134 0 P 0
L 2.4265354 1.5320866 2.4265354 1.6679134 0 P 0
L 2.4265354 1.5320866 2.4934645 1.5320866 0 P 0
L 2.4265354 1.6679134 2.4934645 1.6679134 0 P 0
L 2.4265354 1.7320866 2.4265354 1.8679134 0 P 0
L 2.4265354 1.7320866 2.4934645 1.7320866 0 P 0
L 2.4265354 1.8679134 2.4934645 1.8679134 0 P 0
L 2.4265354 1.9320866 2.4265354 2.0679134 0 P 0
L 2.4265354 1.9320866 2.4934645 1.9320866 0 P 0
L 2.4265354 2.0679134 2.4934645 2.0679134 0 P 0
L 2.4265354 2.1320866 2.4265354 2.2679134 0 P 0
L 2.4265354 2.1320866 2.4934645 2.1320866 0 P 0
L 2.4265354 2.2679134 2.4934645 2.2679134 0 P 0
L 2.4265354 2.3320866 2.4265354 2.4679134 0 P 0
L 2.4265354 2.3320866 2.4934645 2.3320866 0 P 0
L 2.4265354 2.4679134 2.4934645 2.4679134 0 P 0
L 2.4265354 2.5320866 2.4265354 2.6679134 0 P 0
L 2.4265354 2.5320866 2.4934645 2.5320866 0 P 0
L 2.4265354 2.6679134 2.4934645 2.6679134 0 P 0
L 2.4265354 2.7320866 2.4265354 2.8679134 0 P 0
L 2.4265354 2.7320866 2.4934645 2.7320866 0 P 0
L 2.4265354 2.8679134 2.4934645 2.8679134 0 P 0
L 2.4403149 1.4 2.479685 1.4 0 P 0
L 2.4403149 1.6 2.479685 1.6 0 P 0
L 2.4403149 1.8 2.479685 1.8 0 P 0
L 2.4403149 2 2.479685 2 0 P 0
L 2.4403149 2.2 2.479685 2.2 0 P 0
L 2.4403149 2.4 2.479685 2.4 0 P 0
L 2.4403149 2.6 2.479685 2.6 0 P 0
L 2.4403149 2.8 2.479685 2.8 0 P 0
L 2.46 1.380315 2.46 1.4196851 0 P 0
L 2.46 1.580315 2.46 1.6196851 0 P 0
L 2.46 1.780315 2.46 1.8196851 0 P 0
L 2.46 1.980315 2.46 2.0196851 0 P 0
L 2.46 2.180315 2.46 2.2196851 0 P 0
L 2.46 2.380315 2.46 2.4196851 0 P 0
L 2.46 2.580315 2.46 2.6196851 0 P 0
L 2.46 2.780315 2.46 2.8196851 0 P 0
L 2.4911024 2.2015748 2.4911024 2.3984252 0 P 0
L 2.4911024 2.2015748 2.6288977 2.2015748 0 P 0
L 2.4911024 2.3984252 2.6288977 2.3984252 0 P 0
L 2.4934645 1.3320866 2.4934645 1.4679134 0 P 0
L 2.4934645 1.5320866 2.4934645 1.6679134 0 P 0
L 2.4934645 1.7320866 2.4934645 1.8679134 0 P 0
L 2.4934645 1.9320866 2.4934645 2.0679134 0 P 0
L 2.4934645 2.1320866 2.4934645 2.2679134 0 P 0
L 2.4934645 2.3320866 2.4934645 2.4679134 0 P 0
L 2.4934645 2.5320866 2.4934645 2.6679134 0 P 0
L 2.4934645 2.7320866 2.4934645 2.8679134 0 P 0
L 2.5253149 1.865 2.564685 1.865 0 P 0
L 2.540315 2.3 2.5796851 2.3 0 P 0
L 2.5449999 1.845315 2.5449999 1.884685 0 P 0
L 2.56 2.2803149 2.56 2.319685 0 P 0
L 2.6265354 1.3320866 2.6265354 1.4679134 0 P 0
L 2.6265354 1.3320866 2.6934645 1.3320866 0 P 0
L 2.6265354 1.4679134 2.6934645 1.4679134 0 P 0
L 2.6265354 1.5320866 2.6265354 1.6679134 0 P 0
L 2.6265354 1.5320866 2.6934645 1.5320866 0 P 0
L 2.6265354 1.6679134 2.6934645 1.6679134 0 P 0
L 2.6265354 1.7320866 2.6265354 1.8679134 0 P 0
L 2.6265354 1.7320866 2.6934645 1.7320866 0 P 0
L 2.6265354 1.8679134 2.6934645 1.8679134 0 P 0
L 2.6265354 1.9320866 2.6265354 2.0679134 0 P 0
L 2.6265354 1.9320866 2.6934645 1.9320866 0 P 0
L 2.6265354 2.0679134 2.6934645 2.0679134 0 P 0
L 2.6265354 2.1320866 2.6265354 2.2679134 0 P 0
L 2.6265354 2.1320866 2.6934645 2.1320866 0 P 0
L 2.6265354 2.2679134 2.6934645 2.2679134 0 P 0
L 2.6265354 2.3320866 2.6265354 2.4679134 0 P 0
L 2.6265354 2.3320866 2.6934645 2.3320866 0 P 0
L 2.6265354 2.4679134 2.6934645 2.4679134 0 P 0
L 2.6265354 2.5320866 2.6265354 2.6679134 0 P 0
L 2.6265354 2.5320866 2.6934645 2.5320866 0 P 0
L 2.6265354 2.6679134 2.6934645 2.6679134 0 P 0
L 2.6265354 2.7320866 2.6265354 2.8679134 0 P 0
L 2.6265354 2.7320866 2.6934645 2.7320866 0 P 0
L 2.6265354 2.8679134 2.6934645 2.8679134 0 P 0
L 2.6288977 2.2015748 2.6288977 2.3984252 0 P 0
L 2.6403149 1.4 2.679685 1.4 0 P 0
L 2.6403149 1.6 2.679685 1.6 0 P 0
L 2.6403149 1.8 2.679685 1.8 0 P 0
L 2.6403149 2 2.679685 2 0 P 0
L 2.6403149 2.2 2.679685 2.2 0 P 0
L 2.6403149 2.4 2.679685 2.4 0 P 0
L 2.6403149 2.6 2.679685 2.6 0 P 0
L 2.6403149 2.8 2.679685 2.8 0 P 0
L 2.66 1.380315 2.66 1.4196851 0 P 0
L 2.66 1.580315 2.66 1.6196851 0 P 0
L 2.66 1.780315 2.66 1.8196851 0 P 0
L 2.66 1.980315 2.66 2.0196851 0 P 0
L 2.66 2.180315 2.66 2.2196851 0 P 0
L 2.66 2.380315 2.66 2.4196851 0 P 0
L 2.66 2.580315 2.66 2.6196851 0 P 0
L 2.66 2.780315 2.66 2.8196851 0 P 0
L 2.6934645 1.3320866 2.6934645 1.4679134 0 P 0
L 2.6934645 1.5320866 2.6934645 1.6679134 0 P 0
L 2.6934645 1.7320866 2.6934645 1.8679134 0 P 0
L 2.6934645 1.9320866 2.6934645 2.0679134 0 P 0
L 2.6934645 2.1320866 2.6934645 2.2679134 0 P 0
L 2.6934645 2.3320866 2.6934645 2.4679134 0 P 0
L 2.6934645 2.5320866 2.6934645 2.6679134 0 P 0
L 2.6934645 2.7320866 2.6934645 2.8679134 0 P 0
L 2.7320078 1.6543701 2.7320078 2.0756299 0 P 0
L 2.8265354 1.3320866 2.8265354 1.4679134 0 P 0
L 2.8265354 1.3320866 2.8934645 1.3320866 0 P 0
L 2.8265354 1.4679134 2.8934645 1.4679134 0 P 0
L 2.8265354 1.5320866 2.8265354 1.6679134 0 P 0
L 2.8265354 1.5320866 2.8934645 1.5320866 0 P 0
L 2.8265354 1.6679134 2.8934645 1.6679134 0 P 0
L 2.8265354 1.7320866 2.8265354 1.8679134 0 P 0
L 2.8265354 1.7320866 2.8934645 1.7320866 0 P 0
L 2.8265354 1.8679134 2.8934645 1.8679134 0 P 0
L 2.8265354 1.9320866 2.8265354 2.0679134 0 P 0
L 2.8265354 1.9320866 2.8934645 1.9320866 0 P 0
L 2.8265354 2.0679134 2.8934645 2.0679134 0 P 0
L 2.8265354 2.1320866 2.8265354 2.2679134 0 P 0
L 2.8265354 2.1320866 2.8934645 2.1320866 0 P 0
L 2.8265354 2.2679134 2.8934645 2.2679134 0 P 0
L 2.8265354 2.3320866 2.8265354 2.4679134 0 P 0
L 2.8265354 2.3320866 2.8934645 2.3320866 0 P 0
L 2.8265354 2.4679134 2.8934645 2.4679134 0 P 0
L 2.8265354 2.5320866 2.8265354 2.6679134 0 P 0
L 2.8265354 2.5320866 2.8934645 2.5320866 0 P 0
L 2.8265354 2.6679134 2.8934645 2.6679134 0 P 0
L 2.8265354 2.7320866 2.8265354 2.8679134 0 P 0
L 2.8265354 2.7320866 2.8934645 2.7320866 0 P 0
L 2.8265354 2.8679134 2.8934645 2.8679134 0 P 0
L 2.8403149 1.4 2.879685 1.4 0 P 0
L 2.8403149 1.6 2.879685 1.6 0 P 0
L 2.8403149 1.8 2.879685 1.8 0 P 0
L 2.8403149 2 2.879685 2 0 P 0
L 2.8403149 2.2 2.879685 2.2 0 P 0
L 2.8403149 2.4 2.879685 2.4 0 P 0
L 2.8403149 2.6 2.879685 2.6 0 P 0
L 2.8403149 2.8 2.879685 2.8 0 P 0
L 2.86 1.380315 2.86 1.4196851 0 P 0
L 2.86 1.580315 2.86 1.6196851 0 P 0
L 2.86 1.780315 2.86 1.8196851 0 P 0
L 2.86 1.980315 2.86 2.0196851 0 P 0
L 2.86 2.180315 2.86 2.2196851 0 P 0
L 2.86 2.380315 2.86 2.4196851 0 P 0
L 2.86 2.580315 2.86 2.6196851 0 P 0
L 2.86 2.780315 2.86 2.8196851 0 P 0
L 2.8934645 1.3320866 2.8934645 1.4679134 0 P 0
L 2.8934645 1.5320866 2.8934645 1.6679134 0 P 0
L 2.8934645 1.7320866 2.8934645 1.8679134 0 P 0
L 2.8934645 1.9320866 2.8934645 2.0679134 0 P 0
L 2.8934645 2.1320866 2.8934645 2.2679134 0 P 0
L 2.8934645 2.3320866 2.8934645 2.4679134 0 P 0
L 2.8934645 2.5320866 2.8934645 2.6679134 0 P 0
L 2.8934645 2.7320866 2.8934645 2.8679134 0 P 0
L 3.0265354 1.3320866 3.0265354 1.4679134 0 P 0
L 3.0265354 1.3320866 3.0934645 1.3320866 0 P 0
L 3.0265354 1.4679134 3.0934645 1.4679134 0 P 0
L 3.0265354 1.5320866 3.0265354 1.6679134 0 P 0
L 3.0265354 1.5320866 3.0934645 1.5320866 0 P 0
L 3.0265354 1.6679134 3.0934645 1.6679134 0 P 0
L 3.0265354 1.7320866 3.0265354 1.8679134 0 P 0
L 3.0265354 1.7320866 3.0934645 1.7320866 0 P 0
L 3.0265354 1.8679134 3.0934645 1.8679134 0 P 0
L 3.0265354 1.9320866 3.0265354 2.0679134 0 P 0
L 3.0265354 1.9320866 3.0934645 1.9320866 0 P 0
L 3.0265354 2.0679134 3.0934645 2.0679134 0 P 0
L 3.0265354 2.1320866 3.0265354 2.2679134 0 P 0
L 3.0265354 2.1320866 3.0934645 2.1320866 0 P 0
L 3.0265354 2.2679134 3.0934645 2.2679134 0 P 0
L 3.0265354 2.3320866 3.0265354 2.4679134 0 P 0
L 3.0265354 2.3320866 3.0934645 2.3320866 0 P 0
L 3.0265354 2.4679134 3.0934645 2.4679134 0 P 0
L 3.0265354 2.5320866 3.0265354 2.6679134 0 P 0
L 3.0265354 2.5320866 3.0934645 2.5320866 0 P 0
L 3.0265354 2.6679134 3.0934645 2.6679134 0 P 0
L 3.0265354 2.7320866 3.0265354 2.8679134 0 P 0
L 3.0265354 2.7320866 3.0934645 2.7320866 0 P 0
L 3.0265354 2.8679134 3.0934645 2.8679134 0 P 0
L 3.0403149 1.4 3.079685 1.4 0 P 0
L 3.0403149 1.6 3.079685 1.6 0 P 0
L 3.0403149 1.8 3.079685 1.8 0 P 0
L 3.0403149 2 3.079685 2 0 P 0
L 3.0403149 2.2 3.079685 2.2 0 P 0
L 3.0403149 2.4 3.079685 2.4 0 P 0
L 3.0403149 2.6 3.079685 2.6 0 P 0
L 3.0403149 2.8 3.079685 2.8 0 P 0
L 3.06 1.380315 3.06 1.4196851 0 P 0
L 3.06 1.580315 3.06 1.6196851 0 P 0
L 3.06 1.780315 3.06 1.8196851 0 P 0
L 3.06 1.980315 3.06 2.0196851 0 P 0
L 3.06 2.180315 3.06 2.2196851 0 P 0
L 3.06 2.380315 3.06 2.4196851 0 P 0
L 3.06 2.580315 3.06 2.6196851 0 P 0
L 3.06 2.780315 3.06 2.8196851 0 P 0
L 3.0934645 1.3320866 3.0934645 1.4679134 0 P 0
L 3.0934645 1.5320866 3.0934645 1.6679134 0 P 0
L 3.0934645 1.7320866 3.0934645 1.8679134 0 P 0
L 3.0934645 1.9320866 3.0934645 2.0679134 0 P 0
L 3.0934645 2.1320866 3.0934645 2.2679134 0 P 0
L 3.0934645 2.3320866 3.0934645 2.4679134 0 P 0
L 3.0934645 2.5320866 3.0934645 2.6679134 0 P 0
L 3.0934645 2.7320866 3.0934645 2.8679134 0 P 0
L 3.2265354 1.3320866 3.2265354 1.4679134 0 P 0
L 3.2265354 1.3320866 3.2934645 1.3320866 0 P 0
L 3.2265354 1.4679134 3.2934645 1.4679134 0 P 0
L 3.2265354 1.5320866 3.2265354 1.6679134 0 P 0
L 3.2265354 1.5320866 3.2934645 1.5320866 0 P 0
L 3.2265354 1.6679134 3.2934645 1.6679134 0 P 0
L 3.2265354 1.7320866 3.2265354 1.8679134 0 P 0
L 3.2265354 1.7320866 3.2934645 1.7320866 0 P 0
L 3.2265354 1.8679134 3.2934645 1.8679134 0 P 0
L 3.2265354 1.9320866 3.2265354 2.0679134 0 P 0
L 3.2265354 1.9320866 3.2934645 1.9320866 0 P 0
L 3.2265354 2.0679134 3.2934645 2.0679134 0 P 0
L 3.2265354 2.1320866 3.2265354 2.2679134 0 P 0
L 3.2265354 2.1320866 3.2934645 2.1320866 0 P 0
L 3.2265354 2.2679134 3.2934645 2.2679134 0 P 0
L 3.2265354 2.3320866 3.2265354 2.4679134 0 P 0
L 3.2265354 2.3320866 3.2934645 2.3320866 0 P 0
L 3.2265354 2.4679134 3.2934645 2.4679134 0 P 0
L 3.2265354 2.5320866 3.2265354 2.6679134 0 P 0
L 3.2265354 2.5320866 3.2934645 2.5320866 0 P 0
L 3.2265354 2.6679134 3.2934645 2.6679134 0 P 0
L 3.2265354 2.7320866 3.2265354 2.8679134 0 P 0
L 3.2265354 2.7320866 3.2934645 2.7320866 0 P 0
L 3.2265354 2.8679134 3.2934645 2.8679134 0 P 0
L 3.2403149 1.4 3.279685 1.4 0 P 0
L 3.2403149 1.6 3.279685 1.6 0 P 0
L 3.2403149 1.8 3.279685 1.8 0 P 0
L 3.2403149 2 3.279685 2 0 P 0
L 3.2403149 2.2 3.279685 2.2 0 P 0
L 3.2403149 2.4 3.279685 2.4 0 P 0
L 3.2403149 2.6 3.279685 2.6 0 P 0
L 3.2403149 2.8 3.279685 2.8 0 P 0
L 3.2525986 2.7461024 3.2525986 2.8838977 0 P 0
L 3.2525986 2.7461024 3.3274017 2.7461023 0 P 0
L 3.2525986 2.8838977 3.3274017 2.8838977 0 P 0
L 3.26 1.380315 3.26 1.4196851 0 P 0
L 3.26 1.580315 3.26 1.6196851 0 P 0
L 3.26 1.780315 3.26 1.8196851 0 P 0
L 3.26 1.980315 3.26 2.0196851 0 P 0
L 3.26 2.180315 3.26 2.2196851 0 P 0
L 3.26 2.380315 3.26 2.4196851 0 P 0
L 3.26 2.580315 3.26 2.6196851 0 P 0
L 3.26 2.780315 3.26 2.8196851 0 P 0
L 3.2703151 2.8150001 3.3096852 2.8150001 0 P 0
L 3.2900001 2.795315 3.2900001 2.8346851 0 P 0
L 3.2934645 1.3320866 3.2934645 1.4679134 0 P 0
L 3.2934645 1.5320866 3.2934645 1.6679134 0 P 0
L 3.2934645 1.7320866 3.2934645 1.8679134 0 P 0
L 3.2934645 1.9320866 3.2934645 2.0679134 0 P 0
L 3.2934645 2.1320866 3.2934645 2.2679134 0 P 0
L 3.2934645 2.3320866 3.2934645 2.4679134 0 P 0
L 3.2934645 2.5320866 3.2934645 2.6679134 0 P 0
L 3.2934645 2.7320866 3.2934645 2.8679134 0 P 0
L 3.3274017 2.7461023 3.3274017 2.8838977 0 P 0
L 3.3275983 2.7461023 3.3275983 2.8838977 0 P 0
L 3.3275983 2.7461023 3.4024014 2.7461023 0 P 0
L 3.3275983 2.8838977 3.4024014 2.8838976 0 P 0
L 3.3453148 2.8149999 3.3846849 2.8149999 0 P 0
L 3.3649999 2.7953149 3.3649999 2.834685 0 P 0
L 3.3683858 2.3557873 3.3683858 2.4542127 0 P 0
L 3.3683858 2.3557873 3.5416142 2.3557873 0 P 0
L 3.3683858 2.4542127 3.5416142 2.4542127 0 P 0
L 3.4024014 2.7461023 3.4024014 2.8838976 0 P 0
L 3.4353149 2.405 3.474685 2.405 0 P 0
L 3.4475983 2.7461023 3.4475983 2.8838976 0 P 0
L 3.4475983 2.7461023 3.5224014 2.7461023 0 P 0
L 3.4475983 2.8838976 3.5224014 2.8838976 0 P 0
L 3.455 2.385315 3.455 2.4246851 0 P 0
L 3.4653148 2.8149999 3.5046849 2.8149999 0 P 0
L 3.4849999 2.7953149 3.4849999 2.834685 0 P 0
L 3.5224014 2.7461023 3.5224014 2.8838976 0 P 0
L 3.5225983 2.7461023 3.5225983 2.8838976 0 P 0
L 3.5225983 2.7461023 3.5974014 2.7461023 0 P 0
L 3.5225983 2.8838976 3.5974014 2.8838976 0 P 0
L 3.5403148 2.8149999 3.5796849 2.8149999 0 P 0
L 3.5416142 2.3557873 3.5416142 2.4542127 0 P 0
L 3.5599999 2.7953149 3.5599999 2.834685 0 P 0
L 3.5974014 2.7461023 3.5974014 2.8838976 0 P 0
L 3.6575983 1.4771407 3.6575983 1.6149361 0 P 0
L 3.6575983 1.4771407 3.7324014 1.4771406 0 P 0
L 3.6575983 1.6149361 3.7324014 1.614936 0 P 0
L 3.6575983 1.6171407 3.6575983 1.7549361 0 P 0
L 3.6575983 1.6171407 3.7324014 1.6171407 0 P 0
L 3.6575983 1.7549361 3.7324014 1.754936 0 P 0
L 3.6575986 1.7571408 3.6575986 1.8949361 0 P 0
L 3.6575986 1.7571408 3.7324017 1.7571407 0 P 0
L 3.6575986 1.8949361 3.7324017 1.8949361 0 P 0
L 3.6753148 1.6860383 3.7146849 1.6860383 0 P 0
L 3.6753149 1.5460384 3.7146849 1.5460384 0 P 0
L 3.6753151 1.8260384 3.7146852 1.8260385 0 P 0
L 3.6949999 1.5263534 3.6949999 1.5657234 0 P 0
L 3.6949999 1.6663533 3.6949999 1.7057235 0 P 0
L 3.6950001 1.8063534 3.6950001 1.8457235 0 P 0
L 3.7324014 1.4771406 3.7324014 1.614936 0 P 0
L 3.7324014 1.6171407 3.7324014 1.754936 0 P 0
L 3.7324017 1.7571407 3.7324017 1.8949361 0 P 0
L 3.7325983 1.4071407 3.7325983 1.5449361 0 P 0
L 3.7325983 1.4071407 3.8074014 1.4071408 0 P 0
L 3.7325983 1.5449361 3.8074015 1.544936 0 P 0
L 3.7325983 1.5471407 3.7325983 1.6849361 0 P 0
L 3.7325983 1.5471407 3.8074015 1.5471408 0 P 0
L 3.7325983 1.6849361 3.8074014 1.684936 0 P 0
L 3.7325983 1.6871407 3.7325983 1.8249361 0 P 0
L 3.7325983 1.6871407 3.8074014 1.6871408 0 P 0
L 3.7325983 1.8249361 3.8074015 1.824936 0 P 0
L 3.7325983 1.8271407 3.7325983 1.9649361 0 P 0
L 3.7325983 1.8271407 3.8074015 1.8271408 0 P 0
L 3.7325983 1.9649361 3.8074014 1.964936 0 P 0
L 3.7503148 1.6160383 3.789685 1.6160383 0 P 0
L 3.7503148 1.8960383 3.789685 1.8960383 0 P 0
L 3.7503149 1.4760383 3.7896849 1.4760383 0 P 0
L 3.7503149 1.7560383 3.7896849 1.7560383 0 P 0
L 3.7699999 1.4563533 3.7699999 1.4957233 0 P 0
L 3.7699999 1.6357234 3.77 1.5963533 0 P 0
L 3.7699999 1.7363533 3.7699999 1.7757233 0 P 0
L 3.7699999 1.9157234 3.77 1.8763533 0 P 0
L 3.8074014 1.4071408 3.8074015 1.544936 0 P 0
L 3.8074014 1.684936 3.8074015 1.5471408 0 P 0
L 3.8074014 1.6871408 3.8074015 1.824936 0 P 0
L 3.8074014 1.964936 3.8074015 1.8271408 0 P 0
L 4.1807873 2.7583858 4.1807873 2.9316142 0 P 0
L 4.1807873 2.7583858 4.2792127 2.7583858 0 P 0
L 4.1807873 2.9316142 4.2792127 2.9316142 0 P 0
L 4.2007873 1.8883858 4.2007873 2.0616142 0 P 0
L 4.2007873 1.8883858 4.2992127 1.8883858 0 P 0
L 4.2007873 2.0616142 4.2992127 2.0616141 0 P 0
L 4.210315 2.845 4.2496851 2.845 0 P 0
L 4.23 2.825315 4.23 2.8646851 0 P 0
L 4.230315 1.975 4.2696851 1.975 0 P 0
L 4.25 1.9553149 4.25 1.994685 0 P 0
L 4.2792127 2.7583858 4.2792127 2.9316142 0 P 0
L 4.2992127 1.8883858 4.2992127 2.0616141 0 P 0
L 4.6461023 2.8075983 4.6461024 2.8824014 0 P 0
L 4.6461023 2.8075983 4.7838977 2.8075983 0 P 0
L 4.6461024 2.8824014 4.7838977 2.8824014 0 P 0
L 4.695315 2.8449999 4.7346851 2.8449999 0 P 0
L 4.7065355 1.3320866 4.7065355 1.4679134 0 P 0
L 4.7065355 1.3320866 4.7734646 1.3320866 0 P 0
L 4.7065355 1.4679134 4.7734646 1.4679134 0 P 0
L 4.7065355 1.5320866 4.7065355 1.6679134 0 P 0
L 4.7065355 1.5320866 4.7734646 1.5320866 0 P 0
L 4.7065355 1.6679134 4.7734646 1.6679134 0 P 0
L 4.7065355 1.7320866 4.7065355 1.8679134 0 P 0
L 4.7065355 1.7320866 4.7734646 1.7320866 0 P 0
L 4.7065355 1.8679134 4.7734646 1.8679134 0 P 0
L 4.7065355 1.9320866 4.7065355 2.0679134 0 P 0
L 4.7065355 1.9320866 4.7734646 1.9320866 0 P 0
L 4.7065355 2.0679134 4.7734646 2.0679134 0 P 0
L 4.7065355 2.1320866 4.7065355 2.2679134 0 P 0
L 4.7065355 2.1320866 4.7734646 2.1320866 0 P 0
L 4.7065355 2.2679134 4.7734646 2.2679134 0 P 0
L 4.7065355 2.3320866 4.7065355 2.4679134 0 P 0
L 4.7065355 2.3320866 4.7734646 2.3320866 0 P 0
L 4.7065355 2.4679134 4.7734646 2.4679134 0 P 0
L 4.7065355 2.5320866 4.7065355 2.6679134 0 P 0
L 4.7065355 2.5320866 4.7734646 2.5320866 0 P 0
L 4.7065355 2.6679134 4.7734646 2.6679134 0 P 0
L 4.7065355 2.7320866 4.7065355 2.8679134 0 P 0
L 4.7065355 2.7320866 4.7734646 2.7320866 0 P 0
L 4.7065355 2.8679134 4.7734646 2.8679134 0 P 0
L 4.7150001 2.8253148 4.7150001 2.8646849 0 P 0
L 4.720315 1.4 4.7596851 1.4 0 P 0
L 4.720315 1.6 4.7596851 1.6 0 P 0
L 4.720315 1.8 4.7596851 1.8 0 P 0
L 4.720315 2 4.7596851 2 0 P 0
L 4.720315 2.2 4.7596851 2.2 0 P 0
L 4.720315 2.4 4.7596851 2.4 0 P 0
L 4.720315 2.6 4.7596851 2.6 0 P 0
L 4.720315 2.8 4.7596851 2.8 0 P 0
L 4.7400001 1.380315 4.7400001 1.4196851 0 P 0
L 4.7400001 1.580315 4.7400001 1.6196851 0 P 0
L 4.7400001 1.780315 4.7400001 1.8196851 0 P 0
L 4.7400001 1.980315 4.7400001 2.0196851 0 P 0
L 4.7400001 2.180315 4.7400001 2.2196851 0 P 0
L 4.7400001 2.380315 4.7400001 2.4196851 0 P 0
L 4.7400001 2.580315 4.7400001 2.6196851 0 P 0
L 4.7400001 2.780315 4.7400001 2.8196851 0 P 0
L 4.7734646 1.3320866 4.7734646 1.4679134 0 P 0
L 4.7734646 1.5320866 4.7734646 1.6679134 0 P 0
L 4.7734646 1.7320866 4.7734646 1.8679134 0 P 0
L 4.7734646 1.9320866 4.7734646 2.0679134 0 P 0
L 4.7734646 2.1320866 4.7734646 2.2679134 0 P 0
L 4.7734646 2.3320866 4.7734646 2.4679134 0 P 0
L 4.7734646 2.5320866 4.7734646 2.6679134 0 P 0
L 4.7734646 2.7320866 4.7734646 2.8679134 0 P 0
L 4.7838977 2.8075983 4.7838977 2.8824014 0 P 0
L 4.7870866 2.8115355 4.7870866 2.8784646 0 P 0
L 4.7870866 2.8115355 4.9229134 2.8115355 0 P 0
L 4.7870866 2.8784646 4.9229134 2.8784646 0 P 0
L 4.8353149 2.845 4.874685 2.845 0 P 0
L 4.855 2.825315 4.855 2.8646851 0 P 0
L 4.9065355 1.3320866 4.9065355 1.4679134 0 P 0
L 4.9065355 1.3320866 4.9734646 1.3320866 0 P 0
L 4.9065355 1.4679134 4.9734646 1.4679134 0 P 0
L 4.9065355 1.5320866 4.9065355 1.6679134 0 P 0
L 4.9065355 1.5320866 4.9734646 1.5320866 0 P 0
L 4.9065355 1.6679134 4.9734646 1.6679134 0 P 0
L 4.9065355 1.7320866 4.9065355 1.8679134 0 P 0
L 4.9065355 1.7320866 4.9734646 1.7320866 0 P 0
L 4.9065355 1.8679134 4.9734646 1.8679134 0 P 0
L 4.9065355 1.9320866 4.9065355 2.0679134 0 P 0
L 4.9065355 1.9320866 4.9734646 1.9320866 0 P 0
L 4.9065355 2.0679134 4.9734646 2.0679134 0 P 0
L 4.9065355 2.1320866 4.9065355 2.2679134 0 P 0
L 4.9065355 2.1320866 4.9734646 2.1320866 0 P 0
L 4.9065355 2.2679134 4.9734646 2.2679134 0 P 0
L 4.9065355 2.3320866 4.9065355 2.4679134 0 P 0
L 4.9065355 2.3320866 4.9734646 2.3320866 0 P 0
L 4.9065355 2.4679134 4.9734646 2.4679134 0 P 0
L 4.9065355 2.5320866 4.9065355 2.6679134 0 P 0
L 4.9065355 2.5320866 4.9734646 2.5320866 0 P 0
L 4.9065355 2.6679134 4.9734646 2.6679134 0 P 0
L 4.9065355 2.7320866 4.9065355 2.8679134 0 P 0
L 4.9065355 2.7320866 4.9734646 2.7320866 0 P 0
L 4.9065355 2.8679134 4.9734646 2.8679134 0 P 0
L 4.920315 1.4 4.9596851 1.4 0 P 0
L 4.920315 1.6 4.9596851 1.6 0 P 0
L 4.920315 1.8 4.9596851 1.8 0 P 0
L 4.920315 2 4.9596851 2 0 P 0
L 4.920315 2.2 4.9596851 2.2 0 P 0
L 4.920315 2.4 4.9596851 2.4 0 P 0
L 4.920315 2.6 4.9596851 2.6 0 P 0
L 4.920315 2.8 4.9596851 2.8 0 P 0
L 4.9229134 2.8115355 4.9229134 2.8784646 0 P 0
L 4.9320866 2.7115354 4.9320866 2.7784645 0 P 0
L 4.9320866 2.7115354 5.0679134 2.7115354 0 P 0
L 4.9320866 2.7784645 5.0679134 2.7784645 0 P 0
L 4.9320866 2.8115354 4.9320866 2.8784645 0 P 0
L 4.9320866 2.8115354 5.0679134 2.8115354 0 P 0
L 4.9320866 2.8784645 5.0679134 2.8784645 0 P 0
L 4.9400001 1.380315 4.9400001 1.4196851 0 P 0
L 4.9400001 1.580315 4.9400001 1.6196851 0 P 0
L 4.9400001 1.780315 4.9400001 1.8196851 0 P 0
L 4.9400001 1.980315 4.9400001 2.0196851 0 P 0
L 4.9400001 2.180315 4.9400001 2.2196851 0 P 0
L 4.9400001 2.380315 4.9400001 2.4196851 0 P 0
L 4.9400001 2.580315 4.9400001 2.6196851 0 P 0
L 4.9400001 2.780315 4.9400001 2.8196851 0 P 0
L 4.9734646 1.3320866 4.9734646 1.4679134 0 P 0
L 4.9734646 1.5320866 4.9734646 1.6679134 0 P 0
L 4.9734646 1.7320866 4.9734646 1.8679134 0 P 0
L 4.9734646 1.9320866 4.9734646 2.0679134 0 P 0
L 4.9734646 2.1320866 4.9734646 2.2679134 0 P 0
L 4.9734646 2.3320866 4.9734646 2.4679134 0 P 0
L 4.9734646 2.5320866 4.9734646 2.6679134 0 P 0
L 4.9734646 2.7320866 4.9734646 2.8679134 0 P 0
L 4.980315 2.745 5.0196851 2.745 0 P 0
L 4.980315 2.845 5.0196851 2.845 0 P 0
L 5 2.7253149 5 2.764685 0 P 0
L 5 2.8253149 5 2.864685 0 P 0
L 5.0679134 2.7115354 5.0679134 2.7784645 0 P 0
L 5.0679134 2.8115354 5.0679134 2.8784645 0 P 0
L 5.0683858 2.6957873 5.0683858 2.7942127 0 P 0
L 5.0683858 2.6957873 5.2416142 2.6957873 0 P 0
L 5.0683858 2.7942127 5.2416142 2.7942127 0 P 0
L 5.0683858 2.7957874 5.0683858 2.8942126 0 P 0
L 5.0683858 2.7957874 5.2416142 2.7957874 0 P 0
L 5.0683858 2.8942126 5.2416142 2.8942126 0 P 0
L 5.1065355 1.3320866 5.1065355 1.4679134 0 P 0
L 5.1065355 1.3320866 5.1734646 1.3320866 0 P 0
L 5.1065355 1.4679134 5.1734646 1.4679134 0 P 0
L 5.1065355 1.5320866 5.1065355 1.6679134 0 P 0
L 5.1065355 1.5320866 5.1734646 1.5320866 0 P 0
L 5.1065355 1.6679134 5.1734646 1.6679134 0 P 0
L 5.1065355 1.7320866 5.1065355 1.8679134 0 P 0
L 5.1065355 1.7320866 5.1734646 1.7320866 0 P 0
L 5.1065355 1.8679134 5.1734646 1.8679134 0 P 0
L 5.1065355 1.9320866 5.1065355 2.0679134 0 P 0
L 5.1065355 1.9320866 5.1734646 1.9320866 0 P 0
L 5.1065355 2.0679134 5.1734646 2.0679134 0 P 0
L 5.1065355 2.1320866 5.1065355 2.2679134 0 P 0
L 5.1065355 2.1320866 5.1734646 2.1320866 0 P 0
L 5.1065355 2.2679134 5.1734646 2.2679134 0 P 0
L 5.1065355 2.3320866 5.1065355 2.4679134 0 P 0
L 5.1065355 2.3320866 5.1734646 2.3320866 0 P 0
L 5.1065355 2.4679134 5.1734646 2.4679134 0 P 0
L 5.1065355 2.5320866 5.1065355 2.6679134 0 P 0
L 5.1065355 2.5320866 5.1734646 2.5320866 0 P 0
L 5.1065355 2.6679134 5.1734646 2.6679134 0 P 0
L 5.1065355 2.7320866 5.1065355 2.8679134 0 P 0
L 5.1065355 2.7320866 5.1734646 2.7320866 0 P 0
L 5.1065355 2.8679134 5.1734646 2.8679134 0 P 0
L 5.120315 1.4 5.1596851 1.4 0 P 0
L 5.120315 1.6 5.1596851 1.6 0 P 0
L 5.120315 1.8 5.1596851 1.8 0 P 0
L 5.120315 2 5.1596851 2 0 P 0
L 5.120315 2.2 5.1596851 2.2 0 P 0
L 5.120315 2.4 5.1596851 2.4 0 P 0
L 5.120315 2.6 5.1596851 2.6 0 P 0
L 5.120315 2.8 5.1596851 2.8 0 P 0
L 5.1353149 2.745 5.174685 2.745 0 P 0
L 5.135315 2.845 5.1746851 2.845 0 P 0
L 5.1400001 1.380315 5.1400001 1.4196851 0 P 0
L 5.1400001 1.580315 5.1400001 1.6196851 0 P 0
L 5.1400001 1.780315 5.1400001 1.8196851 0 P 0
L 5.1400001 1.980315 5.1400001 2.0196851 0 P 0
L 5.1400001 2.180315 5.1400001 2.2196851 0 P 0
L 5.1400001 2.380315 5.1400001 2.4196851 0 P 0
L 5.1400001 2.580315 5.1400001 2.6196851 0 P 0
L 5.1400001 2.780315 5.1400001 2.8196851 0 P 0
L 5.155 2.7253149 5.155 2.764685 0 P 0
L 5.155 2.825315 5.155 2.8646851 0 P 0
L 5.1734646 1.3320866 5.1734646 1.4679134 0 P 0
L 5.1734646 1.5320866 5.1734646 1.6679134 0 P 0
L 5.1734646 1.7320866 5.1734646 1.8679134 0 P 0
L 5.1734646 1.9320866 5.1734646 2.0679134 0 P 0
L 5.1734646 2.1320866 5.1734646 2.2679134 0 P 0
L 5.1734646 2.3320866 5.1734646 2.4679134 0 P 0
L 5.1734646 2.5320866 5.1734646 2.6679134 0 P 0
L 5.1734646 2.7320866 5.1734646 2.8679134 0 P 0
L 5.2416142 2.6957873 5.2416142 2.7942127 0 P 0
L 5.2416142 2.7957874 5.2416142 2.8942126 0 P 0
L 5.3065355 1.3320866 5.3065355 1.4679134 0 P 0
L 5.3065355 1.3320866 5.3734646 1.3320866 0 P 0
L 5.3065355 1.4679134 5.3734646 1.4679134 0 P 0
L 5.3065355 1.5320866 5.3065355 1.6679134 0 P 0
L 5.3065355 1.5320866 5.3734646 1.5320866 0 P 0
L 5.3065355 1.6679134 5.3734646 1.6679134 0 P 0
L 5.3065355 1.7320866 5.3065355 1.8679134 0 P 0
L 5.3065355 1.7320866 5.3734646 1.7320866 0 P 0
L 5.3065355 1.8679134 5.3734646 1.8679134 0 P 0
L 5.3065355 1.9320866 5.3065355 2.0679134 0 P 0
L 5.3065355 1.9320866 5.3734646 1.9320866 0 P 0
L 5.3065355 2.0679134 5.3734646 2.0679134 0 P 0
L 5.3065355 2.1320866 5.3065355 2.2679134 0 P 0
L 5.3065355 2.1320866 5.3734646 2.1320866 0 P 0
L 5.3065355 2.2679134 5.3734646 2.2679134 0 P 0
L 5.3065355 2.3320866 5.3065355 2.4679134 0 P 0
L 5.3065355 2.3320866 5.3734646 2.3320866 0 P 0
L 5.3065355 2.4679134 5.3734646 2.4679134 0 P 0
L 5.3065355 2.5320866 5.3065355 2.6679134 0 P 0
L 5.3065355 2.5320866 5.3734646 2.5320866 0 P 0
L 5.3065355 2.6679134 5.3734646 2.6679134 0 P 0
L 5.3065355 2.7320866 5.3065355 2.8679134 0 P 0
L 5.3065355 2.7320866 5.3734646 2.7320866 0 P 0
L 5.3065355 2.8679134 5.3734646 2.8679134 0 P 0
L 5.3133858 2.5407874 5.3133858 2.6392126 0 P 0
L 5.3133858 2.5407874 5.4866142 2.5407874 0 P 0
L 5.3133858 2.6392126 5.4866142 2.6392126 0 P 0
L 5.3133858 2.7607873 5.3133858 2.8592127 0 P 0
L 5.3133858 2.7607873 5.4866142 2.7607873 0 P 0
L 5.3133858 2.8592127 5.4866142 2.8592127 0 P 0
L 5.320315 1.4 5.3596851 1.4 0 P 0
L 5.320315 1.6 5.3596851 1.6 0 P 0
L 5.320315 1.8 5.3596851 1.8 0 P 0
L 5.320315 2 5.3596851 2 0 P 0
L 5.320315 2.2 5.3596851 2.2 0 P 0
L 5.320315 2.4 5.3596851 2.4 0 P 0
L 5.320315 2.6 5.3596851 2.6 0 P 0
L 5.320315 2.8 5.3596851 2.8 0 P 0
L 5.3400001 1.380315 5.3400001 1.4196851 0 P 0
L 5.3400001 1.580315 5.3400001 1.6196851 0 P 0
L 5.3400001 1.780315 5.3400001 1.8196851 0 P 0
L 5.3400001 1.980315 5.3400001 2.0196851 0 P 0
L 5.3400001 2.180315 5.3400001 2.2196851 0 P 0
L 5.3400001 2.380315 5.3400001 2.4196851 0 P 0
L 5.3400001 2.580315 5.3400001 2.6196851 0 P 0
L 5.3400001 2.780315 5.3400001 2.8196851 0 P 0
L 5.3711024 2.2015748 5.3711024 2.3984252 0 P 0
L 5.3711024 2.2015748 5.5088977 2.2015748 0 P 0
L 5.3711024 2.3984252 5.5088977 2.3984252 0 P 0
L 5.3734646 1.3320866 5.3734646 1.4679134 0 P 0
L 5.3734646 1.5320866 5.3734646 1.6679134 0 P 0
L 5.3734646 1.7320866 5.3734646 1.8679134 0 P 0
L 5.3734646 1.9320866 5.3734646 2.0679134 0 P 0
L 5.3734646 2.1320866 5.3734646 2.2679134 0 P 0
L 5.3734646 2.3320866 5.3734646 2.4679134 0 P 0
L 5.3734646 2.5320866 5.3734646 2.6679134 0 P 0
L 5.3734646 2.7320866 5.3734646 2.8679134 0 P 0
L 5.3803149 2.59 5.419685 2.59 0 P 0
L 5.3803149 2.81 5.419685 2.81 0 P 0
L 5.4 2.5703149 5.4 2.609685 0 P 0
L 5.4 2.7903149 5.4 2.829685 0 P 0
L 5.420315 2.3 5.4596851 2.3 0 P 0
L 5.44 2.2803149 5.44 2.319685 0 P 0
L 5.4866142 2.5407874 5.4866142 2.6392126 0 P 0
L 5.4866142 2.7607873 5.4866142 2.8592127 0 P 0
L 5.5065355 1.3320866 5.5065355 1.4679134 0 P 0
L 5.5065355 1.3320866 5.5734646 1.3320866 0 P 0
L 5.5065355 1.4679134 5.5734646 1.4679134 0 P 0
L 5.5065355 1.5320866 5.5065355 1.6679134 0 P 0
L 5.5065355 1.5320866 5.5734646 1.5320866 0 P 0
L 5.5065355 1.6679134 5.5734646 1.6679134 0 P 0
L 5.5065355 1.7320866 5.5065355 1.8679134 0 P 0
L 5.5065355 1.7320866 5.5734646 1.7320866 0 P 0
L 5.5065355 1.8679134 5.5734646 1.8679134 0 P 0
L 5.5065355 1.9320866 5.5065355 2.0679134 0 P 0
L 5.5065355 1.9320866 5.5734646 1.9320866 0 P 0
L 5.5065355 2.0679134 5.5734646 2.0679134 0 P 0
L 5.5065355 2.1320866 5.5065355 2.2679134 0 P 0
L 5.5065355 2.1320866 5.5734646 2.1320866 0 P 0
L 5.5065355 2.2679134 5.5734646 2.2679134 0 P 0
L 5.5065355 2.3320866 5.5065355 2.4679134 0 P 0
L 5.5065355 2.3320866 5.5734646 2.3320866 0 P 0
L 5.5065355 2.4679134 5.5734646 2.4679134 0 P 0
L 5.5065355 2.5320866 5.5065355 2.6679134 0 P 0
L 5.5065355 2.5320866 5.5734646 2.5320866 0 P 0
L 5.5065355 2.6679134 5.5734646 2.6679134 0 P 0
L 5.5065355 2.7320866 5.5065355 2.8679134 0 P 0
L 5.5065355 2.7320866 5.5734646 2.7320866 0 P 0
L 5.5065355 2.8679134 5.5734646 2.8679134 0 P 0
L 5.5088977 2.2015748 5.5088977 2.3984252 0 P 0
L 5.520315 1.4 5.5596851 1.4 0 P 0
L 5.520315 1.6 5.5596851 1.6 0 P 0
L 5.520315 1.8 5.5596851 1.8 0 P 0
L 5.520315 2 5.5596851 2 0 P 0
L 5.520315 2.2 5.5596851 2.2 0 P 0
L 5.520315 2.4 5.5596851 2.4 0 P 0
L 5.520315 2.6 5.5596851 2.6 0 P 0
L 5.520315 2.8 5.5596851 2.8 0 P 0
L 5.5400001 1.380315 5.5400001 1.4196851 0 P 0
L 5.5400001 1.580315 5.5400001 1.6196851 0 P 0
L 5.5400001 1.780315 5.5400001 1.8196851 0 P 0
L 5.5400001 1.980315 5.5400001 2.0196851 0 P 0
L 5.5400001 2.180315 5.5400001 2.2196851 0 P 0
L 5.5400001 2.380315 5.5400001 2.4196851 0 P 0
L 5.5400001 2.580315 5.5400001 2.6196851 0 P 0
L 5.5400001 2.780315 5.5400001 2.8196851 0 P 0
L 5.5734646 1.3320866 5.5734646 1.4679134 0 P 0
L 5.5734646 1.5320866 5.5734646 1.6679134 0 P 0
L 5.5734646 1.7320866 5.5734646 1.8679134 0 P 0
L 5.5734646 1.9320866 5.5734646 2.0679134 0 P 0
L 5.5734646 2.1320866 5.5734646 2.2679134 0 P 0
L 5.5734646 2.3320866 5.5734646 2.4679134 0 P 0
L 5.5734646 2.5320866 5.5734646 2.6679134 0 P 0
L 5.5734646 2.7320866 5.5734646 2.8679134 0 P 0
L 5.6379921 1.5643701 5.6379921 1.9856299 0 P 0
L 5.6379921 1.5643701 6.0120078 1.5643701 0 P 0
L 5.6379921 1.9856299 6.0120078 1.9856299 0 P 0
L 5.7065355 1.3320866 5.7065355 1.4679134 0 P 0
L 5.7065355 1.3320866 5.7734646 1.3320866 0 P 0
L 5.7065355 1.4679134 5.7734646 1.4679134 0 P 0
L 5.7065355 1.5320866 5.7065355 1.6679134 0 P 0
L 5.7065355 1.5320866 5.7734646 1.5320866 0 P 0
L 5.7065355 1.6679134 5.7734646 1.6679134 0 P 0
L 5.7065355 1.7320866 5.7065355 1.8679134 0 P 0
L 5.7065355 1.7320866 5.7734646 1.7320866 0 P 0
L 5.7065355 1.8679134 5.7734646 1.8679134 0 P 0
L 5.7065355 1.9320866 5.7065355 2.0679134 0 P 0
L 5.7065355 1.9320866 5.7734646 1.9320866 0 P 0
L 5.7065355 2.0679134 5.7734646 2.0679134 0 P 0
L 5.7065355 2.1320866 5.7065355 2.2679134 0 P 0
L 5.7065355 2.1320866 5.7734646 2.1320866 0 P 0
L 5.7065355 2.2679134 5.7734646 2.2679134 0 P 0
L 5.7065355 2.3320866 5.7065355 2.4679134 0 P 0
L 5.7065355 2.3320866 5.7734646 2.3320866 0 P 0
L 5.7065355 2.4679134 5.7734646 2.4679134 0 P 0
L 5.7065355 2.5320866 5.7065355 2.6679134 0 P 0
L 5.7065355 2.5320866 5.7734646 2.5320866 0 P 0
L 5.7065355 2.6679134 5.7734646 2.6679134 0 P 0
L 5.7065355 2.7320866 5.7065355 2.8679134 0 P 0
L 5.7065355 2.7320866 5.7734646 2.7320866 0 P 0
L 5.7065355 2.8679134 5.7734646 2.8679134 0 P 0
L 5.720315 1.4 5.7596851 1.4 0 P 0
L 5.720315 1.6 5.7596851 1.6 0 P 0
L 5.720315 1.8 5.7596851 1.8 0 P 0
L 5.720315 2 5.7596851 2 0 P 0
L 5.720315 2.2 5.7596851 2.2 0 P 0
L 5.720315 2.4 5.7596851 2.4 0 P 0
L 5.720315 2.6 5.7596851 2.6 0 P 0
L 5.720315 2.8 5.7596851 2.8 0 P 0
L 5.7383858 1.9757874 5.7383858 2.0742126 0 P 0
L 5.7383858 1.9757874 5.9116142 1.9757874 0 P 0
L 5.7383858 2.0742126 5.9116142 2.0742126 0 P 0
L 5.7400001 1.380315 5.7400001 1.4196851 0 P 0
L 5.7400001 1.580315 5.7400001 1.6196851 0 P 0
L 5.7400001 1.780315 5.7400001 1.8196851 0 P 0
L 5.7400001 1.980315 5.7400001 2.0196851 0 P 0
L 5.7400001 2.180315 5.7400001 2.2196851 0 P 0
L 5.7400001 2.380315 5.7400001 2.4196851 0 P 0
L 5.7400001 2.580315 5.7400001 2.6196851 0 P 0
L 5.7400001 2.780315 5.7400001 2.8196851 0 P 0
L 5.7734646 1.3320866 5.7734646 1.4679134 0 P 0
L 5.7734646 1.5320866 5.7734646 1.6679134 0 P 0
L 5.7734646 1.7320866 5.7734646 1.8679134 0 P 0
L 5.7734646 1.9320866 5.7734646 2.0679134 0 P 0
L 5.7734646 2.1320866 5.7734646 2.2679134 0 P 0
L 5.7734646 2.3320866 5.7734646 2.4679134 0 P 0
L 5.7734646 2.5320866 5.7734646 2.6679134 0 P 0
L 5.7734646 2.7320866 5.7734646 2.8679134 0 P 0
L 5.8053149 1.775 5.844685 1.775 0 P 0
L 5.8053149 2.025 5.844685 2.025 0 P 0
L 5.8249999 1.755315 5.8249999 1.794685 0 P 0
L 5.825 2.0053149 5.825 2.044685 0 P 0
L 5.8707873 2.2133858 5.8707873 2.3866142 0 P 0
L 5.8707873 2.2133858 5.9692127 2.2133858 0 P 0
L 5.8707873 2.3866142 5.9692127 2.3866142 0 P 0
L 5.900315 2.3 5.9396851 2.3 0 P 0
L 5.9065355 1.3320866 5.9065355 1.4679134 0 P 0
L 5.9065355 1.3320866 5.9734646 1.3320866 0 P 0
L 5.9065355 1.4679134 5.9734646 1.4679134 0 P 0
L 5.9065355 1.5320866 5.9065355 1.6679134 0 P 0
L 5.9065355 1.5320866 5.9734646 1.5320866 0 P 0
L 5.9065355 1.6679134 5.9734646 1.6679134 0 P 0
L 5.9065355 1.7320866 5.9065355 1.8679134 0 P 0
L 5.9065355 1.7320866 5.9734646 1.7320866 0 P 0
L 5.9065355 1.8679134 5.9734646 1.8679134 0 P 0
L 5.9065355 1.9320866 5.9065355 2.0679134 0 P 0
L 5.9065355 1.9320866 5.9734646 1.9320866 0 P 0
L 5.9065355 2.0679134 5.9734646 2.0679134 0 P 0
L 5.9065355 2.1320866 5.9065355 2.2679134 0 P 0
L 5.9065355 2.1320866 5.9734646 2.1320866 0 P 0
L 5.9065355 2.2679134 5.9734646 2.2679134 0 P 0
L 5.9065355 2.3320866 5.9065355 2.4679134 0 P 0
L 5.9065355 2.3320866 5.9734646 2.3320866 0 P 0
L 5.9065355 2.4679134 5.9734646 2.4679134 0 P 0
L 5.9065355 2.5320866 5.9065355 2.6679134 0 P 0
L 5.9065355 2.5320866 5.9734646 2.5320866 0 P 0
L 5.9065355 2.6679134 5.9734646 2.6679134 0 P 0
L 5.9065355 2.7320866 5.9065355 2.8679134 0 P 0
L 5.9065355 2.7320866 5.9734646 2.7320866 0 P 0
L 5.9065355 2.8679134 5.9734646 2.8679134 0 P 0
L 5.9116142 1.9757874 5.9116142 2.0742126 0 P 0
L 5.92 2.2803149 5.92 2.319685 0 P 0
L 5.920315 1.4 5.9596851 1.4 0 P 0
L 5.920315 1.6 5.9596851 1.6 0 P 0
L 5.920315 1.8 5.9596851 1.8 0 P 0
L 5.920315 2 5.9596851 2 0 P 0
L 5.920315 2.2 5.9596851 2.2 0 P 0
L 5.920315 2.4 5.9596851 2.4 0 P 0
L 5.920315 2.6 5.9596851 2.6 0 P 0
L 5.920315 2.8 5.9596851 2.8 0 P 0
L 5.9400001 1.380315 5.9400001 1.4196851 0 P 0
L 5.9400001 1.580315 5.9400001 1.6196851 0 P 0
L 5.9400001 1.780315 5.9400001 1.8196851 0 P 0
L 5.9400001 1.980315 5.9400001 2.0196851 0 P 0
L 5.9400001 2.180315 5.9400001 2.2196851 0 P 0
L 5.9400001 2.380315 5.9400001 2.4196851 0 P 0
L 5.9400001 2.580315 5.9400001 2.6196851 0 P 0
L 5.9400001 2.780315 5.9400001 2.8196851 0 P 0
L 5.9692127 2.2133858 5.9692127 2.3866142 0 P 0
L 5.9707873 2.2133858 5.9707873 2.3866142 0 P 0
L 5.9707873 2.2133858 6.0692127 2.2133858 0 P 0
L 5.9707873 2.3866142 6.0692127 2.3866142 0 P 0
L 5.9734646 1.3320866 5.9734646 1.4679134 0 P 0
L 5.9734646 1.5320866 5.9734646 1.6679134 0 P 0
L 5.9734646 1.7320866 5.9734646 1.8679134 0 P 0
L 5.9734646 1.9320866 5.9734646 2.0679134 0 P 0
L 5.9734646 2.1320866 5.9734646 2.2679134 0 P 0
L 5.9734646 2.3320866 5.9734646 2.4679134 0 P 0
L 5.9734646 2.5320866 5.9734646 2.6679134 0 P 0
L 5.9734646 2.7320866 5.9734646 2.8679134 0 P 0
L 6.000315 2.3 6.0396851 2.3 0 P 0
L 6.0120078 1.5643701 6.0120078 1.9856299 0 P 0
L 6.02 2.2803149 6.02 2.319685 0 P 0
L 6.0692127 2.2133858 6.0692127 2.3866142 0 P 0
L 6.1065355 1.3320866 6.1065355 1.4679134 0 P 0
L 6.1065355 1.3320866 6.1734646 1.3320866 0 P 0
L 6.1065355 1.4679134 6.1734646 1.4679134 0 P 0
L 6.1065355 1.5320866 6.1065355 1.6679134 0 P 0
L 6.1065355 1.5320866 6.1734646 1.5320866 0 P 0
L 6.1065355 1.6679134 6.1734646 1.6679134 0 P 0
L 6.1065355 1.7320866 6.1065355 1.8679134 0 P 0
L 6.1065355 1.7320866 6.1734646 1.7320866 0 P 0
L 6.1065355 1.8679134 6.1734646 1.8679134 0 P 0
L 6.1065355 1.9320866 6.1065355 2.0679134 0 P 0
L 6.1065355 1.9320866 6.1734646 1.9320866 0 P 0
L 6.1065355 2.0679134 6.1734646 2.0679134 0 P 0
L 6.1065355 2.1320866 6.1065355 2.2679134 0 P 0
L 6.1065355 2.1320866 6.1734646 2.1320866 0 P 0
L 6.1065355 2.2679134 6.1734646 2.2679134 0 P 0
L 6.1065355 2.3320866 6.1065355 2.4679134 0 P 0
L 6.1065355 2.3320866 6.1734646 2.3320866 0 P 0
L 6.1065355 2.4679134 6.1734646 2.4679134 0 P 0
L 6.1065355 2.5320866 6.1065355 2.6679134 0 P 0
L 6.1065355 2.5320866 6.1734646 2.5320866 0 P 0
L 6.1065355 2.6679134 6.1734646 2.6679134 0 P 0
L 6.1065355 2.7320866 6.1065355 2.8679134 0 P 0
L 6.1065355 2.7320866 6.1734646 2.7320866 0 P 0
L 6.1065355 2.8679134 6.1734646 2.8679134 0 P 0
L 6.120315 1.4 6.1596851 1.4 0 P 0
L 6.120315 1.6 6.1596851 1.6 0 P 0
L 6.120315 1.8 6.1596851 1.8 0 P 0
L 6.120315 2 6.1596851 2 0 P 0
L 6.120315 2.2 6.1596851 2.2 0 P 0
L 6.120315 2.4 6.1596851 2.4 0 P 0
L 6.120315 2.6 6.1596851 2.6 0 P 0
L 6.120315 2.8 6.1596851 2.8 0 P 0
L 6.1400001 1.380315 6.1400001 1.4196851 0 P 0
L 6.1400001 1.580315 6.1400001 1.6196851 0 P 0
L 6.1400001 1.780315 6.1400001 1.8196851 0 P 0
L 6.1400001 1.980315 6.1400001 2.0196851 0 P 0
L 6.1400001 2.180315 6.1400001 2.2196851 0 P 0
L 6.1400001 2.380315 6.1400001 2.4196851 0 P 0
L 6.1400001 2.580315 6.1400001 2.6196851 0 P 0
L 6.1400001 2.780315 6.1400001 2.8196851 0 P 0
L 6.1734646 1.3320866 6.1734646 1.4679134 0 P 0
L 6.1734646 1.5320866 6.1734646 1.6679134 0 P 0
L 6.1734646 1.7320866 6.1734646 1.8679134 0 P 0
L 6.1734646 1.9320866 6.1734646 2.0679134 0 P 0
L 6.1734646 2.1320866 6.1734646 2.2679134 0 P 0
L 6.1734646 2.3320866 6.1734646 2.4679134 0 P 0
L 6.1734646 2.5320866 6.1734646 2.6679134 0 P 0
L 6.1734646 2.7320866 6.1734646 2.8679134 0 P 0
