#Layer_Color=65535
#
#Feature symbol names
#
$0 r10
$1 r9.8425
$2 r7.874

#
#Feature attribute names
#
@0 .nomenclature
@1 .string
@2 .string_angle

#
#Feature attribute text strings
#
&0 SW6
&1 SW5
&2 SW4
&3 SW3
&4 SW2
&5 SW1
&6 IR1
&7 R7
&8 P1
&9 P2

#
#Layer features
#
A 2.6349213 2.3799213 2.6349213 2.3799213 2.63 2.3799213 1 P 0 N
A 3.38 2.5 3.385 2.495 3.385 2.5 0 P 0 N
A 3.385 2.495 3.39 2.5 3.385 2.5 0 P 0 N
A 3.385 2.505 3.38 2.5 3.385 2.5 0 P 0 N
A 3.39 2.5 3.385 2.505 3.385 2.5 0 P 0 N
A 5.5149213 2.3799213 5.5149213 2.3799213 5.51 2.3799213 1 P 0 N
L 1.8403149 1.3940945 1.8403149 1.4059055 2 P 0
L 1.8403149 1.4059055 1.879685 1.4059055 2 P 0
L 1.8403149 1.5940945 1.8403149 1.6059055 2 P 0
L 1.8403149 1.6059055 1.879685 1.6059055 2 P 0
L 1.8403149 1.7940945 1.8403149 1.8059055 2 P 0
L 1.8403149 1.8059055 1.879685 1.8059055 2 P 0
L 1.8403149 1.9940945 1.8403149 2.0059055 2 P 0
L 1.8403149 2.0059055 1.879685 2.0059055 2 P 0
L 1.8403149 2.1940945 1.8403149 2.2059055 2 P 0
L 1.8403149 2.2059055 1.879685 2.2059055 2 P 0
L 1.8403149 2.3940945 1.8403149 2.4059055 2 P 0
L 1.8403149 2.4059055 1.879685 2.4059055 2 P 0
L 1.8403149 2.5940945 1.8403149 2.6059055 2 P 0
L 1.8403149 2.6059055 1.879685 2.6059055 2 P 0
L 1.8403149 2.7940945 1.8403149 2.8059055 2 P 0
L 1.8403149 2.8059055 1.879685 2.8059055 2 P 0
L 1.879685 1.3940945 1.879685 1.4059055 2 P 0
L 1.879685 1.5940945 1.879685 1.6059055 2 P 0
L 1.879685 1.7940945 1.879685 1.8059055 2 P 0
L 1.879685 1.9940945 1.879685 2.0059055 2 P 0
L 1.879685 2.1940945 1.879685 2.2059055 2 P 0
L 1.879685 2.3940945 1.879685 2.4059055 2 P 0
L 1.879685 2.5940945 1.879685 2.6059055 2 P 0
L 1.879685 2.7940945 1.879685 2.8059055 2 P 0
L 2.0403149 1.3940945 2.0403149 1.4059055 2 P 0
L 2.0403149 1.4059055 2.079685 1.4059055 2 P 0
L 2.0403149 1.5940945 2.0403149 1.6059055 2 P 0
L 2.0403149 1.6059055 2.079685 1.6059055 2 P 0
L 2.0403149 1.7940945 2.0403149 1.8059055 2 P 0
L 2.0403149 1.8059055 2.079685 1.8059055 2 P 0
L 2.0403149 1.9940945 2.0403149 2.0059055 2 P 0
L 2.0403149 2.0059055 2.079685 2.0059055 2 P 0
L 2.0403149 2.1940945 2.0403149 2.2059055 2 P 0
L 2.0403149 2.2059055 2.079685 2.2059055 2 P 0
L 2.0403149 2.3940945 2.0403149 2.4059055 2 P 0
L 2.0403149 2.4059055 2.079685 2.4059055 2 P 0
L 2.0403149 2.5940945 2.0403149 2.6059055 2 P 0
L 2.0403149 2.6059055 2.079685 2.6059055 2 P 0
L 2.0403149 2.7940945 2.0403149 2.8059055 2 P 0
L 2.0403149 2.8059055 2.079685 2.8059055 2 P 0
L 2.079685 1.3940945 2.079685 1.4059055 2 P 0
L 2.079685 1.5940945 2.079685 1.6059055 2 P 0
L 2.079685 1.7940945 2.079685 1.8059055 2 P 0
L 2.079685 1.9940945 2.079685 2.0059055 2 P 0
L 2.079685 2.1940945 2.079685 2.2059055 2 P 0
L 2.079685 2.3940945 2.079685 2.4059055 2 P 0
L 2.079685 2.5940945 2.079685 2.6059055 2 P 0
L 2.079685 2.7940945 2.079685 2.8059055 2 P 0
L 2.2403149 1.3940945 2.2403149 1.4059055 2 P 0
L 2.2403149 1.4059055 2.279685 1.4059055 2 P 0
L 2.2403149 1.5940945 2.2403149 1.6059055 2 P 0
L 2.2403149 1.6059055 2.279685 1.6059055 2 P 0
L 2.2403149 1.7940945 2.2403149 1.8059055 2 P 0
L 2.2403149 1.8059055 2.279685 1.8059055 2 P 0
L 2.2403149 1.9940945 2.2403149 2.0059055 2 P 0
L 2.2403149 2.0059055 2.279685 2.0059055 2 P 0
L 2.2403149 2.1940945 2.2403149 2.2059055 2 P 0
L 2.2403149 2.2059055 2.279685 2.2059055 2 P 0
L 2.2403149 2.3940945 2.2403149 2.4059055 2 P 0
L 2.2403149 2.4059055 2.279685 2.4059055 2 P 0
L 2.2403149 2.5940945 2.2403149 2.6059055 2 P 0
L 2.2403149 2.6059055 2.279685 2.6059055 2 P 0
L 2.2403149 2.7940945 2.2403149 2.8059055 2 P 0
L 2.2403149 2.8059055 2.279685 2.8059055 2 P 0
L 2.279685 1.3940945 2.279685 1.4059055 2 P 0
L 2.279685 1.5940945 2.279685 1.6059055 2 P 0
L 2.279685 1.7940945 2.279685 1.8059055 2 P 0
L 2.279685 1.9940945 2.279685 2.0059055 2 P 0
L 2.279685 2.1940945 2.279685 2.2059055 2 P 0
L 2.279685 2.3940945 2.279685 2.4059055 2 P 0
L 2.279685 2.5940945 2.279685 2.6059055 2 P 0
L 2.279685 2.7940945 2.279685 2.8059055 2 P 0
L 2.4403149 1.3940945 2.4403149 1.4059055 2 P 0
L 2.4403149 1.4059055 2.479685 1.4059055 2 P 0
L 2.4403149 1.5940945 2.4403149 1.6059055 2 P 0
L 2.4403149 1.6059055 2.479685 1.6059055 2 P 0
L 2.4403149 1.7940945 2.4403149 1.8059055 2 P 0
L 2.4403149 1.8059055 2.479685 1.8059055 2 P 0
L 2.4403149 1.9940945 2.4403149 2.0059055 2 P 0
L 2.4403149 2.0059055 2.479685 2.0059055 2 P 0
L 2.4403149 2.1940945 2.4403149 2.2059055 2 P 0
L 2.4403149 2.2059055 2.479685 2.2059055 2 P 0
L 2.4403149 2.3940945 2.4403149 2.4059055 2 P 0
L 2.4403149 2.4059055 2.479685 2.4059055 2 P 0
L 2.4403149 2.5940945 2.4403149 2.6059055 2 P 0
L 2.4403149 2.6059055 2.479685 2.6059055 2 P 0
L 2.4403149 2.7940945 2.4403149 2.8059055 2 P 0
L 2.4403149 2.8059055 2.479685 2.8059055 2 P 0
L 2.479685 1.3940945 2.479685 1.4059055 2 P 0
L 2.479685 1.5940945 2.479685 1.6059055 2 P 0
L 2.479685 1.7940945 2.479685 1.8059055 2 P 0
L 2.479685 1.9940945 2.479685 2.0059055 2 P 0
L 2.479685 2.1940945 2.479685 2.2059055 2 P 0
L 2.479685 2.3940945 2.479685 2.4059055 2 P 0
L 2.479685 2.5940945 2.479685 2.6059055 2 P 0
L 2.479685 2.7940945 2.479685 2.8059055 2 P 0
L 2.5009448 2.2990157 2.5009449 2.3009842 2 P 0
L 2.5009448 2.2990157 2.6190552 2.2990157 2 P 0
L 2.5009449 2.3009842 2.6190552 2.3009842 2 P 0
L 2.61 2.975 2.61 3.025 2 P 0
L 2.61 2.975 3.11 2.975 2 P 0
L 2.61 3.025 3.11 3.025 2 P 0
L 2.616 3.209 2.616 3.2689806 0 P 0 ;0,1=8,2=0.000000
L 2.616 3.2689806 2.6459903 3.2689806 0 P 0 ;0,1=8,2=0.000000
L 2.6190552 2.2990157 2.6190552 2.3009842 2 P 0
L 2.6403149 1.3940945 2.6403149 1.4059055 2 P 0
L 2.6403149 1.4059055 2.679685 1.4059055 2 P 0
L 2.6403149 1.5940945 2.6403149 1.6059055 2 P 0
L 2.6403149 1.6059055 2.679685 1.6059055 2 P 0
L 2.6403149 1.7940945 2.6403149 1.8059055 2 P 0
L 2.6403149 1.8059055 2.679685 1.8059055 2 P 0
L 2.6403149 1.9940945 2.6403149 2.0059055 2 P 0
L 2.6403149 2.0059055 2.679685 2.0059055 2 P 0
L 2.6403149 2.1940945 2.6403149 2.2059055 2 P 0
L 2.6403149 2.2059055 2.679685 2.2059055 2 P 0
L 2.6403149 2.3940945 2.6403149 2.4059055 2 P 0
L 2.6403149 2.4059055 2.679685 2.4059055 2 P 0
L 2.6403149 2.5940945 2.6403149 2.6059055 2 P 0
L 2.6403149 2.6059055 2.679685 2.6059055 2 P 0
L 2.6403149 2.7940945 2.6403149 2.8059055 2 P 0
L 2.6403149 2.8059055 2.679685 2.8059055 2 P 0
L 2.643334 3.025 2.643334 3.158333 2 P 0
L 2.643334 3.158333 2.66 3.175 2 P 0
L 2.6459903 3.2289935 2.616 3.2289935 0 P 0 ;0,1=8,2=0.000000
L 2.6459903 3.2689806 2.6559871 3.2589838 0 P 0 ;0,1=8,2=0.000000
L 2.6559871 3.2389903 2.6459903 3.2289935 0 P 0 ;0,1=8,2=0.000000
L 2.6559871 3.2589838 2.6559871 3.2389903 0 P 0 ;0,1=8,2=0.000000
L 2.66 3.175 2.676667 3.158333 2 P 0
L 2.6759806 3.209 2.6959741 3.209 0 P 0 ;0,1=8,2=0.000000
L 2.676667 3.025 2.676667 3.158333 2 P 0
L 2.679685 1.3940945 2.679685 1.4059055 2 P 0
L 2.679685 1.5940945 2.679685 1.6059055 2 P 0
L 2.679685 1.7940945 2.679685 1.8059055 2 P 0
L 2.679685 1.9940945 2.679685 2.0059055 2 P 0
L 2.679685 2.1940945 2.679685 2.2059055 2 P 0
L 2.679685 2.3940945 2.679685 2.4059055 2 P 0
L 2.679685 2.5940945 2.679685 2.6059055 2 P 0
L 2.679685 2.7940945 2.679685 2.8059055 2 P 0
L 2.6859774 3.209 2.6859774 3.2689806 0 P 0 ;0,1=8,2=0.000000
L 2.6859774 3.2689806 2.6759806 3.2589838 0 P 0 ;0,1=8,2=0.000000
L 2.6959741 3.209 2.6859774 3.209 0 P 0 ;0,1=8,2=0.000000
L 2.743334 3.025 2.743334 3.158333 2 P 0
L 2.743334 3.158333 2.76 3.175 2 P 0
L 2.76 3.175 2.7766671 3.158333 2 P 0
L 2.776667 3.025 2.7766671 3.158333 2 P 0
L 2.8403149 1.3940945 2.8403149 1.4059055 2 P 0
L 2.8403149 1.4059055 2.879685 1.4059055 2 P 0
L 2.8403149 1.5940945 2.8403149 1.6059055 2 P 0
L 2.8403149 1.6059055 2.879685 1.6059055 2 P 0
L 2.8403149 1.7940945 2.8403149 1.8059055 2 P 0
L 2.8403149 1.8059055 2.879685 1.8059055 2 P 0
L 2.8403149 1.9940945 2.8403149 2.0059055 2 P 0
L 2.8403149 2.0059055 2.879685 2.0059055 2 P 0
L 2.8403149 2.1940945 2.8403149 2.2059055 2 P 0
L 2.8403149 2.2059055 2.879685 2.2059055 2 P 0
L 2.8403149 2.3940945 2.8403149 2.4059055 2 P 0
L 2.8403149 2.4059055 2.879685 2.4059055 2 P 0
L 2.8403149 2.5940945 2.8403149 2.6059055 2 P 0
L 2.8403149 2.6059055 2.879685 2.6059055 2 P 0
L 2.8403149 2.7940945 2.8403149 2.8059055 2 P 0
L 2.8403149 2.8059055 2.879685 2.8059055 2 P 0
L 2.843334 3.025 2.843334 3.1583329 2 P 0
L 2.843334 3.1583329 2.8599999 3.175 2 P 0
L 2.8599999 3.175 2.8766659 3.158333 2 P 0
L 2.8766659 3.158333 2.876666 3.025 2 P 0
L 2.879685 1.3940945 2.879685 1.4059055 2 P 0
L 2.879685 1.5940945 2.879685 1.6059055 2 P 0
L 2.879685 1.7940945 2.879685 1.8059055 2 P 0
L 2.879685 1.9940945 2.879685 2.0059055 2 P 0
L 2.879685 2.1940945 2.879685 2.2059055 2 P 0
L 2.879685 2.3940945 2.879685 2.4059055 2 P 0
L 2.879685 2.5940945 2.879685 2.6059055 2 P 0
L 2.879685 2.7940945 2.879685 2.8059055 2 P 0
L 2.943333 3.025 2.943333 3.158333 2 P 0
L 2.943333 3.158333 2.96 3.175 2 P 0
L 2.96 3.175 2.976666 3.158333 2 P 0
L 2.976666 3.025 2.976666 3.158333 2 P 0
L 3.0403149 1.3940945 3.0403149 1.4059055 2 P 0
L 3.0403149 1.4059055 3.079685 1.4059055 2 P 0
L 3.0403149 1.5940945 3.0403149 1.6059055 2 P 0
L 3.0403149 1.6059055 3.079685 1.6059055 2 P 0
L 3.0403149 1.7940945 3.0403149 1.8059055 2 P 0
L 3.0403149 1.8059055 3.079685 1.8059055 2 P 0
L 3.0403149 1.9940945 3.0403149 2.0059055 2 P 0
L 3.0403149 2.0059055 3.079685 2.0059055 2 P 0
L 3.0403149 2.1940945 3.0403149 2.2059055 2 P 0
L 3.0403149 2.2059055 3.079685 2.2059055 2 P 0
L 3.0403149 2.3940945 3.0403149 2.4059055 2 P 0
L 3.0403149 2.4059055 3.079685 2.4059055 2 P 0
L 3.0403149 2.5940945 3.0403149 2.6059055 2 P 0
L 3.0403149 2.6059055 3.079685 2.6059055 2 P 0
L 3.0403149 2.7940945 3.0403149 2.8059055 2 P 0
L 3.0403149 2.8059055 3.079685 2.8059055 2 P 0
L 3.043333 3.025 3.043333 3.158333 2 P 0
L 3.043333 3.158333 3.06 3.175 2 P 0
L 3.06 3.175 3.076666 3.158333 2 P 0
L 3.076666 3.025 3.076666 3.158333 2 P 0
L 3.079685 1.3940945 3.079685 1.4059055 2 P 0
L 3.079685 1.5940945 3.079685 1.6059055 2 P 0
L 3.079685 1.7940945 3.079685 1.8059055 2 P 0
L 3.079685 1.9940945 3.079685 2.0059055 2 P 0
L 3.079685 2.1940945 3.079685 2.2059055 2 P 0
L 3.079685 2.3940945 3.079685 2.4059055 2 P 0
L 3.079685 2.5940945 3.079685 2.6059055 2 P 0
L 3.079685 2.7940945 3.079685 2.8059055 2 P 0
L 3.11 2.975 3.11 3.025 2 P 0
L 3.2403149 1.3940945 3.2403149 1.4059055 2 P 0
L 3.2403149 1.4059055 3.279685 1.4059055 2 P 0
L 3.2403149 1.5940945 3.2403149 1.6059055 2 P 0
L 3.2403149 1.6059055 3.279685 1.6059055 2 P 0
L 3.2403149 1.7940945 3.2403149 1.8059055 2 P 0
L 3.2403149 1.8059055 3.279685 1.8059055 2 P 0
L 3.2403149 1.9940945 3.2403149 2.0059055 2 P 0
L 3.2403149 2.0059055 3.279685 2.0059055 2 P 0
L 3.2403149 2.1940945 3.2403149 2.2059055 2 P 0
L 3.2403149 2.2059055 3.279685 2.2059055 2 P 0
L 3.2403149 2.3940945 3.2403149 2.4059055 2 P 0
L 3.2403149 2.4059055 3.279685 2.4059055 2 P 0
L 3.2403149 2.5940945 3.2403149 2.6059055 2 P 0
L 3.2403149 2.6059055 3.279685 2.6059055 2 P 0
L 3.2403149 2.7940945 3.2403149 2.8059055 2 P 0
L 3.2403149 2.8059055 3.279685 2.8059055 2 P 0
L 3.279685 1.3940945 3.279685 1.4059055 2 P 0
L 3.279685 1.5940945 3.279685 1.6059055 2 P 0
L 3.279685 1.7940945 3.279685 1.8059055 2 P 0
L 3.279685 1.9940945 3.279685 2.0059055 2 P 0
L 3.279685 2.1940945 3.279685 2.2059055 2 P 0
L 3.279685 2.3940945 3.279685 2.4059055 2 P 0
L 3.279685 2.5940945 3.279685 2.6059055 2 P 0
L 3.279685 2.7940945 3.279685 2.8059055 2 P 0
L 3.455 2.3794094 3.455 2.4305906 2 P 0
L 3.475 1.2899871 3.4849968 1.2799903 0 P 0 ;0,1=5,2=0.000000
L 3.475 1.2999838 3.475 1.2899871 0 P 0 ;0,1=5,2=0.000000
L 3.4849968 1.25 3.475 1.2599968 0 P 0 ;0,1=5,2=0.000000
L 3.4849968 1.2799903 3.5049903 1.2799903 0 P 0 ;0,1=5,2=0.000000
L 3.4849968 1.3099806 3.475 1.2999838 0 P 0 ;0,1=5,2=0.000000
L 3.5049903 1.25 3.4849968 1.25 0 P 0 ;0,1=5,2=0.000000
L 3.5049903 1.2799903 3.5149871 1.2699935 0 P 0 ;0,1=5,2=0.000000
L 3.5049903 1.3099806 3.4849968 1.3099806 0 P 0 ;0,1=5,2=0.000000
L 3.5149871 1.2599968 3.5049903 1.25 0 P 0 ;0,1=5,2=0.000000
L 3.5149871 1.2699935 3.5149871 1.2599968 0 P 0 ;0,1=5,2=0.000000
L 3.5149871 1.2999838 3.5049903 1.3099806 0 P 0 ;0,1=5,2=0.000000
L 3.5349806 1.25 3.5549741 1.2699935 0 P 0 ;0,1=5,2=0.000000
L 3.5349806 1.3099806 3.5349806 1.25 0 P 0 ;0,1=5,2=0.000000
L 3.5549741 1.2699935 3.5749677 1.25 0 P 0 ;0,1=5,2=0.000000
L 3.5749677 1.25 3.5749677 1.3099806 0 P 0 ;0,1=5,2=0.000000
L 3.5949612 1.25 3.6149547 1.25 0 P 0 ;0,1=5,2=0.000000
L 3.604958 1.25 3.604958 1.3099806 0 P 0 ;0,1=5,2=0.000000
L 3.604958 1.3099806 3.5949612 1.2999838 0 P 0 ;0,1=5,2=0.000000
L 3.6149547 1.25 3.604958 1.25 0 P 0 ;0,1=5,2=0.000000
L 3.7070688 1.4929312 3.7070688 1.5070688 0 P 0 ;0,1=2,2=315.000000
L 3.7212063 1.4787937 3.7070688 1.4929312 0 P 0 ;0,1=2,2=315.000000
L 3.7282751 1.5141375 3.7424127 1.5 0 P 0 ;0,1=2,2=315.000000
L 3.7282751 1.5282751 3.7282751 1.5141375 0 P 0 ;0,1=2,2=315.000000
L 3.7353439 1.5353439 3.7282751 1.5282751 0 P 0 ;0,1=2,2=315.000000
L 3.735344 1.4787937 3.7212063 1.4787937 0 P 0 ;0,1=2,2=315.000000
L 3.7424127 1.4575873 3.7706878 1.4575873 0 P 0 ;0,1=2,2=315.000000
L 3.7424127 1.4858624 3.735344 1.4787937 0 P 0 ;0,1=2,2=315.000000
L 3.7424127 1.5 3.7424127 1.4858624 0 P 0 ;0,1=2,2=315.000000
L 3.7494815 1.5353439 3.7353439 1.5353439 0 P 0 ;0,1=2,2=315.000000
L 3.763619 1.5070687 3.763619 1.5212063 0 P 0 ;0,1=2,2=315.000000
L 3.763619 1.5212063 3.7494815 1.5353439 0 P 0 ;0,1=2,2=315.000000
L 3.7706878 1.4293122 3.8131005 1.4717249 0 P 0 ;0,1=2,2=315.000000
L 3.7706878 1.4575873 3.7706878 1.4293122 0 P 0 ;0,1=2,2=315.000000
L 3.7848254 1.5 3.7424127 1.4575873 0 P 0 ;0,1=2,2=315.000000
L 3.8060317 1.3939683 3.8484444 1.436381 0 P 0 ;0,1=2,2=315.000000
L 3.8060317 1.436381 3.8343069 1.4081058 0 P 0 ;0,1=2,2=315.000000
L 3.8484444 1.436381 3.8060317 1.436381 0 P 0 ;0,1=2,2=315.000000
L 3.9 2.0899871 3.9099968 2.0799903 0 P 0 ;0,1=3,2=0.000000
L 3.9 2.0999838 3.9 2.0899871 0 P 0 ;0,1=3,2=0.000000
L 3.9099968 2.05 3.9 2.0599968 0 P 0 ;0,1=3,2=0.000000
L 3.9099968 2.0799903 3.9299903 2.0799903 0 P 0 ;0,1=3,2=0.000000
L 3.9099968 2.1099806 3.9 2.0999838 0 P 0 ;0,1=3,2=0.000000
L 3.9299903 2.05 3.9099968 2.05 0 P 0 ;0,1=3,2=0.000000
L 3.9299903 2.0799903 3.9399871 2.0699935 0 P 0 ;0,1=3,2=0.000000
L 3.9299903 2.1099806 3.9099968 2.1099806 0 P 0 ;0,1=3,2=0.000000
L 3.9399871 2.0599968 3.9299903 2.05 0 P 0 ;0,1=3,2=0.000000
L 3.9399871 2.0699935 3.9399871 2.0599968 0 P 0 ;0,1=3,2=0.000000
L 3.9399871 2.0999838 3.9299903 2.1099806 0 P 0 ;0,1=3,2=0.000000
L 3.9599806 2.05 3.9799741 2.0699935 0 P 0 ;0,1=3,2=0.000000
L 3.9599806 2.1099806 3.9599806 2.05 0 P 0 ;0,1=3,2=0.000000
L 3.9799741 2.0699935 3.9999677 2.05 0 P 0 ;0,1=3,2=0.000000
L 3.995 2.62 4.0149935 2.62 0 P 0 ;0,1=6,2=0.000000
L 3.995 2.6799806 4.0149935 2.6799806 0 P 0 ;0,1=6,2=0.000000
L 3.9999677 2.05 3.9999677 2.1099806 0 P 0 ;0,1=3,2=0.000000
L 4.0049968 2.62 3.995 2.62 0 P 0 ;0,1=6,2=0.000000
L 4.0049968 2.6799806 4.0049968 2.62 0 P 0 ;0,1=6,2=0.000000
L 4.0070688 1.4929312 4.0070688 1.5070688 0 P 0 ;0,1=1,2=315.000000
L 4.0149935 2.6799806 4.0049968 2.6799806 0 P 0 ;0,1=6,2=0.000000
L 4.0199612 2.0999838 4.029958 2.1099806 0 P 0 ;0,1=3,2=0.000000
L 4.0212063 1.4787937 4.0070688 1.4929312 0 P 0 ;0,1=1,2=315.000000
L 4.0282751 1.5141375 4.0424127 1.5 0 P 0 ;0,1=1,2=315.000000
L 4.0282751 1.5282751 4.0282751 1.5141375 0 P 0 ;0,1=1,2=315.000000
L 4.029958 2.05 4.0199612 2.0599968 0 P 0 ;0,1=3,2=0.000000
L 4.029958 2.1099806 4.0499515 2.1099806 0 P 0 ;0,1=3,2=0.000000
L 4.0353439 1.5353439 4.0282751 1.5282751 0 P 0 ;0,1=1,2=315.000000
L 4.035344 1.4787937 4.0212063 1.4787937 0 P 0 ;0,1=1,2=315.000000
L 4.0399547 2.0799903 4.0499515 2.0799903 0 P 0 ;0,1=3,2=0.000000
L 4.0424127 1.4575873 4.0706878 1.4575873 0 P 0 ;0,1=1,2=315.000000
L 4.0424127 1.4858624 4.035344 1.4787937 0 P 0 ;0,1=1,2=315.000000
L 4.0424127 1.5 4.0424127 1.4858624 0 P 0 ;0,1=1,2=315.000000
L 4.0449838 2.62 4.0449838 2.6799806 0 P 0 ;0,1=6,2=0.000000
L 4.0449838 2.6799806 4.0749741 2.6799806 0 P 0 ;0,1=6,2=0.000000
L 4.045 2.7093643 4.045 2.7693449 0 P 0 ;0,1=7,2=0.000000
L 4.045 2.7693449 4.0749903 2.7693449 0 P 0 ;0,1=7,2=0.000000
L 4.0494815 1.5353439 4.0353439 1.5353439 0 P 0 ;0,1=1,2=315.000000
L 4.0499515 2.05 4.029958 2.05 0 P 0 ;0,1=3,2=0.000000
L 4.0499515 2.0799903 4.0399547 2.0799903 0 P 0 ;0,1=3,2=0.000000
L 4.0499515 2.0799903 4.0599483 2.0699935 0 P 0 ;0,1=3,2=0.000000
L 4.0499515 2.1099806 4.0599483 2.0999838 0 P 0 ;0,1=3,2=0.000000
L 4.0599483 2.0599968 4.0499515 2.05 0 P 0 ;0,1=3,2=0.000000
L 4.0599483 2.0699935 4.0599483 2.0599968 0 P 0 ;0,1=3,2=0.000000
L 4.0599483 2.0899871 4.0499515 2.0799903 0 P 0 ;0,1=3,2=0.000000
L 4.0599483 2.0999838 4.0599483 2.0899871 0 P 0 ;0,1=3,2=0.000000
L 4.063619 1.5070687 4.063619 1.5212063 0 P 0 ;0,1=1,2=315.000000
L 4.063619 1.5212063 4.0494815 1.5353439 0 P 0 ;0,1=1,2=315.000000
L 4.0649773 2.6399935 4.0849709 2.62 0 P 0 ;0,1=6,2=0.000000
L 4.0649935 2.7293578 4.0849871 2.7093643 0 P 0 ;0,1=7,2=0.000000
L 4.0706878 1.4293122 4.1131005 1.4717249 0 P 0 ;0,1=1,2=315.000000
L 4.0706878 1.4575873 4.0706878 1.4293122 0 P 0 ;0,1=1,2=315.000000
L 4.0749741 2.6399935 4.0449838 2.6399935 0 P 0 ;0,1=6,2=0.000000
L 4.0749741 2.6799806 4.0849709 2.6699838 0 P 0 ;0,1=6,2=0.000000
L 4.0749903 2.7293578 4.045 2.7293578 0 P 0 ;0,1=7,2=0.000000
L 4.0749903 2.7693449 4.0849871 2.7593481 0 P 0 ;0,1=7,2=0.000000
L 4.0848254 1.5 4.0424127 1.4575873 0 P 0 ;0,1=1,2=315.000000
L 4.0849709 2.6499903 4.0749741 2.6399935 0 P 0 ;0,1=6,2=0.000000
L 4.0849709 2.6699838 4.0849709 2.6499903 0 P 0 ;0,1=6,2=0.000000
L 4.0849871 2.7393546 4.0749903 2.7293578 0 P 0 ;0,1=7,2=0.000000
L 4.0849871 2.7593481 4.0849871 2.7393546 0 P 0 ;0,1=7,2=0.000000
L 4.0918942 1.4081058 4.0918942 1.4222434 0 P 0 ;0,1=1,2=315.000000
L 4.1049644 2.62 4.1249579 2.62 0 P 0 ;0,1=6,2=0.000000
L 4.1049806 2.7193611 4.1049806 2.7093643 0 P 0 ;0,1=7,2=0.000000
L 4.1049806 2.7693449 4.1449677 2.7693449 0 P 0 ;0,1=7,2=0.000000
L 4.1060317 1.3939683 4.0918942 1.4081058 0 P 0 ;0,1=1,2=315.000000
L 4.1060317 1.436381 4.1272381 1.4293122 0 P 0 ;0,1=1,2=315.000000
L 4.1149612 2.62 4.1149612 2.6799806 0 P 0 ;0,1=6,2=0.000000
L 4.1149612 2.6799806 4.1049644 2.6699838 0 P 0 ;0,1=6,2=0.000000
L 4.1201693 1.3939683 4.1060317 1.3939683 0 P 0 ;0,1=1,2=315.000000
L 4.1249579 2.62 4.1149612 2.62 0 P 0 ;0,1=6,2=0.000000
L 4.1272381 1.4293122 4.1343069 1.4222434 0 P 0 ;0,1=1,2=315.000000
L 4.1272381 1.4575873 4.1060317 1.436381 0 P 0 ;0,1=1,2=315.000000
L 4.1343069 1.4081058 4.1201693 1.3939683 0 P 0 ;0,1=1,2=315.000000
L 4.1343069 1.4222434 4.1343069 1.4081058 0 P 0 ;0,1=1,2=315.000000
L 4.1449677 2.7593481 4.1049806 2.7193611 0 P 0 ;0,1=7,2=0.000000
L 4.1449677 2.7693449 4.1449677 2.7593481 0 P 0 ;0,1=7,2=0.000000
L 4.1555132 1.4293122 4.1272381 1.4575873 0 P 0 ;0,1=1,2=315.000000
L 4.2044094 2.845 4.2555906 2.845 2 P 0
L 4.3 2.075 4.3000001 1.875 2 P 0
L 4.3 2.075 4.4 2.075 2 P 0
L 4.3000001 1.875 4.4 1.875 2 P 0
L 4.3070688 1.4929312 4.3070688 1.5070688 0 P 0 ;0,1=0,2=315.000000
L 4.3212063 1.4787937 4.3070688 1.4929312 0 P 0 ;0,1=0,2=315.000000
L 4.3282751 1.5141375 4.3424127 1.5 0 P 0 ;0,1=0,2=315.000000
L 4.3282751 1.5282751 4.3282751 1.5141375 0 P 0 ;0,1=0,2=315.000000
L 4.3353439 1.5353439 4.3282751 1.5282751 0 P 0 ;0,1=0,2=315.000000
L 4.335344 1.4787937 4.3212063 1.4787937 0 P 0 ;0,1=0,2=315.000000
L 4.3424127 1.4575873 4.3706878 1.4575873 0 P 0 ;0,1=0,2=315.000000
L 4.3424127 1.4858624 4.335344 1.4787937 0 P 0 ;0,1=0,2=315.000000
L 4.3424127 1.5 4.3424127 1.4858624 0 P 0 ;0,1=0,2=315.000000
L 4.3494815 1.5353439 4.3353439 1.5353439 0 P 0 ;0,1=0,2=315.000000
L 4.363619 1.5070687 4.363619 1.5212063 0 P 0 ;0,1=0,2=315.000000
L 4.363619 1.5212063 4.3494815 1.5353439 0 P 0 ;0,1=0,2=315.000000
L 4.3706878 1.4293122 4.4131005 1.4717249 0 P 0 ;0,1=0,2=315.000000
L 4.3706878 1.4575873 4.3706878 1.4293122 0 P 0 ;0,1=0,2=315.000000
L 4.375 1.2899871 4.3849968 1.2799903 0 P 0 ;0,1=4,2=0.000000
L 4.375 1.2999838 4.375 1.2899871 0 P 0 ;0,1=4,2=0.000000
L 4.3848254 1.5 4.3424127 1.4575873 0 P 0 ;0,1=0,2=315.000000
L 4.3849968 1.25 4.375 1.2599968 0 P 0 ;0,1=4,2=0.000000
L 4.3849968 1.2799903 4.4049903 1.2799903 0 P 0 ;0,1=4,2=0.000000
L 4.3849968 1.3099806 4.375 1.2999838 0 P 0 ;0,1=4,2=0.000000
L 4.3918942 1.4081058 4.4060317 1.3939683 0 P 0 ;0,1=0,2=315.000000
L 4.3918942 1.4222434 4.3918942 1.4081058 0 P 0 ;0,1=0,2=315.000000
L 4.4 1.875 4.4 2.075 2 P 0
L 4.4049903 1.25 4.3849968 1.25 0 P 0 ;0,1=4,2=0.000000
L 4.4049903 1.2799903 4.4149871 1.2699935 0 P 0 ;0,1=4,2=0.000000
L 4.4049903 1.3099806 4.3849968 1.3099806 0 P 0 ;0,1=4,2=0.000000
L 4.4060317 1.3939683 4.4201693 1.3939683 0 P 0 ;0,1=0,2=315.000000
L 4.4060317 1.436381 4.3918942 1.4222434 0 P 0 ;0,1=0,2=315.000000
L 4.4149871 1.2599968 4.4049903 1.25 0 P 0 ;0,1=4,2=0.000000
L 4.4149871 1.2699935 4.4149871 1.2599968 0 P 0 ;0,1=4,2=0.000000
L 4.4149871 1.2999838 4.4049903 1.3099806 0 P 0 ;0,1=4,2=0.000000
L 4.4200194 1.925 4.4200194 1.9549903 0 P 0 ;0,1=9,2=90.000000
L 4.4200194 1.9549903 4.4300162 1.9649871 0 P 0 ;0,1=9,2=90.000000
L 4.4200194 1.9949774 4.4300162 1.9849806 0 P 0 ;0,1=9,2=90.000000
L 4.4200194 2.0149709 4.4200194 1.9949774 0 P 0 ;0,1=9,2=90.000000
L 4.4201693 1.3939683 4.4272381 1.401037 0 P 0 ;0,1=0,2=315.000000
L 4.4272381 1.401037 4.4272381 1.4151746 0 P 0 ;0,1=0,2=315.000000
L 4.4272381 1.4151746 4.4060317 1.436381 0 P 0 ;0,1=0,2=315.000000
L 4.4300162 1.9649871 4.4500097 1.9649871 0 P 0 ;0,1=9,2=90.000000
L 4.4300162 2.0249677 4.4200194 2.0149709 0 P 0 ;0,1=9,2=90.000000
L 4.4343068 1.436381 4.4060317 1.436381 0 P 0 ;0,1=0,2=315.000000
L 4.4349806 1.25 4.4549741 1.2699935 0 P 0 ;0,1=4,2=0.000000
L 4.4349806 1.3099806 4.4349806 1.25 0 P 0 ;0,1=4,2=0.000000
L 4.4400129 2.0249677 4.4300162 2.0249677 0 P 0 ;0,1=9,2=90.000000
L 4.4500097 1.9649871 4.4600065 1.9549903 0 P 0 ;0,1=9,2=90.000000
L 4.4549741 1.2699935 4.4749677 1.25 0 P 0 ;0,1=4,2=0.000000
L 4.4555132 1.4293122 4.4343068 1.436381 0 P 0 ;0,1=0,2=315.000000
L 4.4600065 1.9549903 4.4600065 1.925 0 P 0 ;0,1=9,2=90.000000
L 4.4749677 1.25 4.4749677 1.3099806 0 P 0 ;0,1=4,2=0.000000
L 4.48 1.925 4.4200194 1.925 0 P 0 ;0,1=9,2=90.000000
L 4.48 1.9849806 4.4400129 2.0249677 0 P 0 ;0,1=9,2=90.000000
L 4.48 2.0249677 4.48 1.9849806 0 P 0 ;0,1=9,2=90.000000
L 4.4949612 1.25 4.5349483 1.2899871 0 P 0 ;0,1=4,2=0.000000
L 4.504958 1.3099806 4.4949612 1.2999838 0 P 0 ;0,1=4,2=0.000000
L 4.5249515 1.3099806 4.504958 1.3099806 0 P 0 ;0,1=4,2=0.000000
L 4.5349483 1.25 4.4949612 1.25 0 P 0 ;0,1=4,2=0.000000
L 4.5349483 1.2899871 4.5349483 1.2999838 0 P 0 ;0,1=4,2=0.000000
L 4.5349483 1.2999838 4.5249515 1.3099806 0 P 0 ;0,1=4,2=0.000000
L 4.720315 1.3940945 4.720315 1.4059055 2 P 0
L 4.720315 1.4059055 4.7596851 1.4059055 2 P 0
L 4.720315 1.5940945 4.720315 1.6059055 2 P 0
L 4.720315 1.6059055 4.7596851 1.6059055 2 P 0
L 4.720315 1.7940945 4.720315 1.8059055 2 P 0
L 4.720315 1.8059055 4.7596851 1.8059055 2 P 0
L 4.720315 1.9940945 4.720315 2.0059055 2 P 0
L 4.720315 2.0059055 4.7596851 2.0059055 2 P 0
L 4.720315 2.1940945 4.720315 2.2059055 2 P 0
L 4.720315 2.2059055 4.7596851 2.2059055 2 P 0
L 4.720315 2.3940945 4.720315 2.4059055 2 P 0
L 4.720315 2.4059055 4.7596851 2.4059055 2 P 0
L 4.720315 2.5940945 4.720315 2.6059055 2 P 0
L 4.720315 2.6059055 4.7596851 2.6059055 2 P 0
L 4.720315 2.7940945 4.720315 2.8059055 2 P 0
L 4.720315 2.8059055 4.7596851 2.8059055 2 P 0
L 4.7596851 1.3940945 4.7596851 1.4059055 2 P 0
L 4.7596851 1.5940945 4.7596851 1.6059055 2 P 0
L 4.7596851 1.7940945 4.7596851 1.8059055 2 P 0
L 4.7596851 1.9940945 4.7596851 2.0059055 2 P 0
L 4.7596851 2.1940945 4.7596851 2.2059055 2 P 0
L 4.7596851 2.3940945 4.7596851 2.4059055 2 P 0
L 4.7596851 2.5940945 4.7596851 2.6059055 2 P 0
L 4.7596851 2.7940945 4.7596851 2.8059055 2 P 0
L 4.920315 1.3940945 4.920315 1.4059055 2 P 0
L 4.920315 1.4059055 4.9596851 1.4059055 2 P 0
L 4.920315 1.5940945 4.920315 1.6059055 2 P 0
L 4.920315 1.6059055 4.9596851 1.6059055 2 P 0
L 4.920315 1.7940945 4.920315 1.8059055 2 P 0
L 4.920315 1.8059055 4.9596851 1.8059055 2 P 0
L 4.920315 1.9940945 4.920315 2.0059055 2 P 0
L 4.920315 2.0059055 4.9596851 2.0059055 2 P 0
L 4.920315 2.1940945 4.920315 2.2059055 2 P 0
L 4.920315 2.2059055 4.9596851 2.2059055 2 P 0
L 4.920315 2.3940945 4.920315 2.4059055 2 P 0
L 4.920315 2.4059055 4.9596851 2.4059055 2 P 0
L 4.920315 2.5940945 4.920315 2.6059055 2 P 0
L 4.920315 2.6059055 4.9596851 2.6059055 2 P 0
L 4.920315 2.7940945 4.920315 2.8059055 2 P 0
L 4.920315 2.8059055 4.9596851 2.8059055 2 P 0
L 4.9596851 1.3940945 4.9596851 1.4059055 2 P 0
L 4.9596851 1.5940945 4.9596851 1.6059055 2 P 0
L 4.9596851 1.7940945 4.9596851 1.8059055 2 P 0
L 4.9596851 1.9940945 4.9596851 2.0059055 2 P 0
L 4.9596851 2.1940945 4.9596851 2.2059055 2 P 0
L 4.9596851 2.3940945 4.9596851 2.4059055 2 P 0
L 4.9596851 2.5940945 4.9596851 2.6059055 2 P 0
L 4.9596851 2.7940945 4.9596851 2.8059055 2 P 0
L 5.120315 1.3940945 5.120315 1.4059055 2 P 0
L 5.120315 1.4059055 5.1596851 1.4059055 2 P 0
L 5.120315 1.5940945 5.120315 1.6059055 2 P 0
L 5.120315 1.6059055 5.1596851 1.6059055 2 P 0
L 5.120315 1.7940945 5.120315 1.8059055 2 P 0
L 5.120315 1.8059055 5.1596851 1.8059055 2 P 0
L 5.120315 1.9940945 5.120315 2.0059055 2 P 0
L 5.120315 2.0059055 5.1596851 2.0059055 2 P 0
L 5.120315 2.1940945 5.120315 2.2059055 2 P 0
L 5.120315 2.2059055 5.1596851 2.2059055 2 P 0
L 5.120315 2.3940945 5.120315 2.4059055 2 P 0
L 5.120315 2.4059055 5.1596851 2.4059055 2 P 0
L 5.120315 2.5940945 5.120315 2.6059055 2 P 0
L 5.120315 2.6059055 5.1596851 2.6059055 2 P 0
L 5.120315 2.7940945 5.120315 2.8059055 2 P 0
L 5.120315 2.8059055 5.1596851 2.8059055 2 P 0
L 5.1596851 1.3940945 5.1596851 1.4059055 2 P 0
L 5.1596851 1.5940945 5.1596851 1.6059055 2 P 0
L 5.1596851 1.7940945 5.1596851 1.8059055 2 P 0
L 5.1596851 1.9940945 5.1596851 2.0059055 2 P 0
L 5.1596851 2.1940945 5.1596851 2.2059055 2 P 0
L 5.1596851 2.3940945 5.1596851 2.4059055 2 P 0
L 5.1596851 2.5940945 5.1596851 2.6059055 2 P 0
L 5.1596851 2.7940945 5.1596851 2.8059055 2 P 0
L 5.320315 1.3940945 5.320315 1.4059055 2 P 0
L 5.320315 1.4059055 5.3596851 1.4059055 2 P 0
L 5.320315 1.5940945 5.320315 1.6059055 2 P 0
L 5.320315 1.6059055 5.3596851 1.6059055 2 P 0
L 5.320315 1.7940945 5.320315 1.8059055 2 P 0
L 5.320315 1.8059055 5.3596851 1.8059055 2 P 0
L 5.320315 1.9940945 5.320315 2.0059055 2 P 0
L 5.320315 2.0059055 5.3596851 2.0059055 2 P 0
L 5.320315 2.1940945 5.320315 2.2059055 2 P 0
L 5.320315 2.2059055 5.3596851 2.2059055 2 P 0
L 5.320315 2.3940945 5.320315 2.4059055 2 P 0
L 5.320315 2.4059055 5.3596851 2.4059055 2 P 0
L 5.320315 2.5940945 5.320315 2.6059055 2 P 0
L 5.320315 2.6059055 5.3596851 2.6059055 2 P 0
L 5.320315 2.7940945 5.320315 2.8059055 2 P 0
L 5.320315 2.8059055 5.3596851 2.8059055 2 P 0
L 5.3596851 1.3940945 5.3596851 1.4059055 2 P 0
L 5.3596851 1.5940945 5.3596851 1.6059055 2 P 0
L 5.3596851 1.7940945 5.3596851 1.8059055 2 P 0
L 5.3596851 1.9940945 5.3596851 2.0059055 2 P 0
L 5.3596851 2.1940945 5.3596851 2.2059055 2 P 0
L 5.3596851 2.3940945 5.3596851 2.4059055 2 P 0
L 5.3596851 2.5940945 5.3596851 2.6059055 2 P 0
L 5.3596851 2.7940945 5.3596851 2.8059055 2 P 0
L 5.3809449 2.2990157 5.3809449 2.3009842 2 P 0
L 5.3809449 2.2990157 5.4990552 2.2990157 2 P 0
L 5.3809449 2.3009842 5.4990552 2.3009842 2 P 0
L 5.4990552 2.2990157 5.4990552 2.3009842 2 P 0
L 5.520315 1.3940945 5.520315 1.4059055 2 P 0
L 5.520315 1.4059055 5.5596851 1.4059055 2 P 0
L 5.520315 1.5940945 5.520315 1.6059055 2 P 0
L 5.520315 1.6059055 5.5596851 1.6059055 2 P 0
L 5.520315 1.7940945 5.520315 1.8059055 2 P 0
L 5.520315 1.8059055 5.5596851 1.8059055 2 P 0
L 5.520315 1.9940945 5.520315 2.0059055 2 P 0
L 5.520315 2.0059055 5.5596851 2.0059055 2 P 0
L 5.520315 2.1940945 5.520315 2.2059055 2 P 0
L 5.520315 2.2059055 5.5596851 2.2059055 2 P 0
L 5.520315 2.3940945 5.520315 2.4059055 2 P 0
L 5.520315 2.4059055 5.5596851 2.4059055 2 P 0
L 5.520315 2.5940945 5.520315 2.6059055 2 P 0
L 5.520315 2.6059055 5.5596851 2.6059055 2 P 0
L 5.520315 2.7940945 5.520315 2.8059055 2 P 0
L 5.520315 2.8059055 5.5596851 2.8059055 2 P 0
L 5.5596851 1.3940945 5.5596851 1.4059055 2 P 0
L 5.5596851 1.5940945 5.5596851 1.6059055 2 P 0
L 5.5596851 1.7940945 5.5596851 1.8059055 2 P 0
L 5.5596851 1.9940945 5.5596851 2.0059055 2 P 0
L 5.5596851 2.1940945 5.5596851 2.2059055 2 P 0
L 5.5596851 2.3940945 5.5596851 2.4059055 2 P 0
L 5.5596851 2.5940945 5.5596851 2.6059055 2 P 0
L 5.5596851 2.7940945 5.5596851 2.8059055 2 P 0
L 5.720315 1.3940945 5.720315 1.4059055 2 P 0
L 5.720315 1.4059055 5.7596851 1.4059055 2 P 0
L 5.720315 1.5940945 5.720315 1.6059055 2 P 0
L 5.720315 1.6059055 5.7596851 1.6059055 2 P 0
L 5.720315 1.7940945 5.720315 1.8059055 2 P 0
L 5.720315 1.8059055 5.7596851 1.8059055 2 P 0
L 5.720315 1.9940945 5.720315 2.0059055 2 P 0
L 5.720315 2.0059055 5.7596851 2.0059055 2 P 0
L 5.720315 2.1940945 5.720315 2.2059055 2 P 0
L 5.720315 2.2059055 5.7596851 2.2059055 2 P 0
L 5.720315 2.3940945 5.720315 2.4059055 2 P 0
L 5.720315 2.4059055 5.7596851 2.4059055 2 P 0
L 5.720315 2.5940945 5.720315 2.6059055 2 P 0
L 5.720315 2.6059055 5.7596851 2.6059055 2 P 0
L 5.720315 2.7940945 5.720315 2.8059055 2 P 0
L 5.720315 2.8059055 5.7596851 2.8059055 2 P 0
L 5.7596851 1.3940945 5.7596851 1.4059055 2 P 0
L 5.7596851 1.5940945 5.7596851 1.6059055 2 P 0
L 5.7596851 1.7940945 5.7596851 1.8059055 2 P 0
L 5.7596851 1.9940945 5.7596851 2.0059055 2 P 0
L 5.7596851 2.1940945 5.7596851 2.2059055 2 P 0
L 5.7596851 2.3940945 5.7596851 2.4059055 2 P 0
L 5.7596851 2.5940945 5.7596851 2.6059055 2 P 0
L 5.7596851 2.7940945 5.7596851 2.8059055 2 P 0
L 5.920315 1.3940945 5.920315 1.4059055 2 P 0
L 5.920315 1.4059055 5.9596851 1.4059055 2 P 0
L 5.920315 1.5940945 5.920315 1.6059055 2 P 0
L 5.920315 1.6059055 5.9596851 1.6059055 2 P 0
L 5.920315 1.7940945 5.920315 1.8059055 2 P 0
L 5.920315 1.8059055 5.9596851 1.8059055 2 P 0
L 5.920315 1.9940945 5.920315 2.0059055 2 P 0
L 5.920315 2.0059055 5.9596851 2.0059055 2 P 0
L 5.920315 2.1940945 5.920315 2.2059055 2 P 0
L 5.920315 2.2059055 5.9596851 2.2059055 2 P 0
L 5.920315 2.3940945 5.920315 2.4059055 2 P 0
L 5.920315 2.4059055 5.9596851 2.4059055 2 P 0
L 5.920315 2.5940945 5.920315 2.6059055 2 P 0
L 5.920315 2.6059055 5.9596851 2.6059055 2 P 0
L 5.920315 2.7940945 5.920315 2.8059055 2 P 0
L 5.920315 2.8059055 5.9596851 2.8059055 2 P 0
L 5.9596851 1.3940945 5.9596851 1.4059055 2 P 0
L 5.9596851 1.5940945 5.9596851 1.6059055 2 P 0
L 5.9596851 1.7940945 5.9596851 1.8059055 2 P 0
L 5.9596851 1.9940945 5.9596851 2.0059055 2 P 0
L 5.9596851 2.1940945 5.9596851 2.2059055 2 P 0
L 5.9596851 2.3940945 5.9596851 2.4059055 2 P 0
L 5.9596851 2.5940945 5.9596851 2.6059055 2 P 0
L 5.9596851 2.7940945 5.9596851 2.8059055 2 P 0
L 6.120315 1.3940945 6.120315 1.4059055 2 P 0
L 6.120315 1.4059055 6.1596851 1.4059055 2 P 0
L 6.120315 1.5940945 6.120315 1.6059055 2 P 0
L 6.120315 1.6059055 6.1596851 1.6059055 2 P 0
L 6.120315 1.7940945 6.120315 1.8059055 2 P 0
L 6.120315 1.8059055 6.1596851 1.8059055 2 P 0
L 6.120315 1.9940945 6.120315 2.0059055 2 P 0
L 6.120315 2.0059055 6.1596851 2.0059055 2 P 0
L 6.120315 2.1940945 6.120315 2.2059055 2 P 0
L 6.120315 2.2059055 6.1596851 2.2059055 2 P 0
L 6.120315 2.3940945 6.120315 2.4059055 2 P 0
L 6.120315 2.4059055 6.1596851 2.4059055 2 P 0
L 6.120315 2.5940945 6.120315 2.6059055 2 P 0
L 6.120315 2.6059055 6.1596851 2.6059055 2 P 0
L 6.120315 2.7940945 6.120315 2.8059055 2 P 0
L 6.120315 2.8059055 6.1596851 2.8059055 2 P 0
L 6.1596851 1.3940945 6.1596851 1.4059055 2 P 0
L 6.1596851 1.5940945 6.1596851 1.6059055 2 P 0
L 6.1596851 1.7940945 6.1596851 1.8059055 2 P 0
L 6.1596851 1.9940945 6.1596851 2.0059055 2 P 0
L 6.1596851 2.1940945 6.1596851 2.2059055 2 P 0
L 6.1596851 2.3940945 6.1596851 2.4059055 2 P 0
L 6.1596851 2.5940945 6.1596851 2.6059055 2 P 0
L 6.1596851 2.7940945 6.1596851 2.8059055 2 P 0
