#Layer_Color=16711935
#
#Feature symbol names
#
$0 r1

#
#Feature attribute names
#

#
#Layer features
#
A 1.61 1.25 1.65 1.21 1.65 1.25 0 P 0 N
A 1.65 2.99 1.61 2.95 1.65 2.95 0 P 0 N
A 3.26 1.21 3.36 1.31 3.26 1.31 0 P 0 N
A 3.3606149 1.8493851 3.4393851 1.8493851 3.4 1.8493851 0 P 0 N
A 3.3607687 1.6523463 3.4401535 1.652346 3.4004611 1.6523461 0 P 0 N
A 3.4 1.5393851 3.36 1.4993851 3.4 1.4993851 0 P 0 N
A 3.4398464 1.6876538 3.3610762 1.6876538 3.4004613 1.6876538 0 P 0 N
A 3.44 1.2243851 3.45 1.2143851 3.45 1.2243851 0 P 0 N
A 3.44 1.4993851 3.4 1.5393851 3.4 1.4993851 0 P 0 N
A 3.45 2.135 3.4393851 2.1243851 3.45 2.1243851 0 P 0 N
A 3.45 2.2137702 3.3606149 2.1243851 3.45 2.1243851 0 P 0 N
A 4.5493851 1.2143851 4.5599998 1.2249998 4.5493851 1.2249998 0 P 0 N
A 4.5599999 2.124385 4.5499999 2.1349998 4.5496926 2.1246925 0 P 0 N
A 4.56 1.8493847 4.64 1.849385 4.6 1.8493843 0 P 0 N
A 4.5607687 1.6523463 4.6401535 1.652346 4.6004611 1.6523461 0 P 0 N
A 4.5996926 1.5396926 4.5599998 1.4999998 4.5996926 1.4999998 0 P 0 N
A 4.6398464 1.6876538 4.5610762 1.6876538 4.6004613 1.6876538 0 P 0 N
A 4.6399991 2.1243855 4.5506143 2.2137701 4.5506145 2.1243855 0 P 0 N
A 4.64 1.31 4.74 1.21 4.74 1.31 0 P 0 N
A 4.64 1.4993852 4.5996926 1.5396926 4.5996926 1.4993852 0 P 0 N
A 6.2856149 2.6018124 6.3149042 2.5311017 6.3856149 2.6018124 0 P 0 N
A 6.3149042 2.8712181 6.2856149 2.8005074 6.3856149 2.8005074 0 P 0 N
A 6.35 1.21 6.39 1.25 6.35 1.25 0 P 0 N
A 6.3617952 2.9181091 6.3856149 2.9756149 6.3042895 2.9756149 0 P 0 N
A 6.3856149 2.9756149 6.3712298 2.99 6.3712298 2.9756149 0 P 0 N
A 6.39 2.4145845 6.3607107 2.4852952 6.29 2.4145845 0 P 0 N
L 1.61 1.25 1.61 2.95 0 P 0
L 1.65 1.21 3.26 1.21 0 P 0
L 1.65 2.99 1.68 2.99 0 P 0
L 1.68 2.99 1.71 2.99 0 P 0
L 1.71 2.99 6.36 2.99 0 P 0
L 3.36 1.31 3.36 1.34 0 P 0
L 3.36 1.34 3.36 1.4993851 0 P 0
L 3.3606149 1.8493851 3.3606149 2.1243851 0 P 0
L 3.3607688 1.6523464 3.3610762 1.6876538 0 P 0
L 3.4393851 1.8493851 3.4393851 2.1243851 0 P 0
L 3.4398464 1.6876538 3.4401536 1.6523461 0 P 0
L 3.44 1.2243851 3.44 1.4 0 P 0
L 3.44 1.4 3.44 1.4993851 0 P 0
L 3.45 1.2143851 4.5493851 1.2143851 0 P 0
L 3.45 2.135 4.55 2.135 0 P 0
L 3.45 2.2137702 4.5506144 2.2137702 0 P 0
L 4.5599998 1.2249998 4.5599998 1.4999998 0 P 0
L 4.56 1.8493851 4.56 2.1243851 0 P 0
L 4.5607688 1.6523464 4.5610762 1.6876538 0 P 0
L 4.6398464 1.6876538 4.6401536 1.6523461 0 P 0
L 4.6399996 2.1243849 4.64 1.8493851 0 P 0
L 4.64 1.31 4.64 1.3143853 0 P 0
L 4.64 1.3143853 4.64 1.47 0 P 0
L 4.64 1.47 4.64 1.4993852 0 P 0
L 4.74 1.21 4.75 1.21 0 P 0
L 4.75 1.21 6.35 1.21 0 P 0
L 6.2856149 2.6018124 6.2856149 2.7006148 0 P 0
L 6.2856149 2.7006148 6.2856149 2.8005074 0 P 0
L 6.3149042 2.5311017 6.3219548 2.5240511 0 P 0
L 6.3149042 2.8712181 6.3325057 2.8888196 0 P 0
L 6.3219548 2.5240511 6.3607107 2.4852952 0 P 0
L 6.3325057 2.8888196 6.3617952 2.9181091 0 P 0
L 6.36 2.99 6.3712298 2.99 0 P 0
L 6.39 1.25 6.39 2.4145845 0 P 0
