#
#Component attribute names
#
@0 .comp_mount_type
@1 .comp_height

# CMP 0
CMP 2 -1.76 0.27 180 N  ATmega328P-AU ;0=1,1=0.0472
TOP 0 -1.9253543 0.1597637 90 N 0 14 1
TOP 1 -1.9253543 0.1912598 90 N 0 13 2
TOP 2 -1.9253543 0.2227558 90 N 30 144 3
TOP 3 -1.9253543 0.2542519 90 N 27 25 4
TOP 4 -1.9253543 0.285748 90 N 30 141 5
TOP 5 -1.9253543 0.317244 90 N 27 23 6
TOP 6 -1.9253543 0.3487401 90 N 0 12 7
TOP 7 -1.9253543 0.3802362 90 N 0 11 8
TOP 8 -1.8702362 0.4353543 0 N 10 1 9
TOP 9 -1.8387401 0.4353543 0 N 28 5 10
TOP 10 -1.8072441 0.4353543 0 N 29 5 11
TOP 11 -1.775748 0.4353543 0 N 0 10 12
TOP 12 -1.7442519 0.4353543 0 N 0 9 13
TOP 13 -1.7127559 0.4353543 0 N 0 8 14
TOP 14 -1.6812598 0.4353543 0 N 0 7 15
TOP 15 -1.6497637 0.4353543 0 N 0 6 16
TOP 16 -1.5946456 0.3802362 90 N 0 5 17
TOP 17 -1.5946456 0.3487401 90 N 27 20 18
TOP 18 -1.5946456 0.317244 90 N 0 4 19
TOP 19 -1.5946456 0.285748 90 N 27 22 20
TOP 20 -1.5946456 0.2542519 90 N 30 142 21
TOP 21 -1.5946456 0.2227558 90 N 0 3 22
TOP 22 -1.5946456 0.1912598 90 N 6 1 23
TOP 23 -1.5946456 0.1597637 90 N 5 1 24
TOP 24 -1.6497637 0.1046456 0 N 9 1 25
TOP 25 -1.6812598 0.1046456 0 N 8 1 26
TOP 26 -1.7127559 0.1046456 0 N 7 1 27
TOP 27 -1.7442519 0.1046456 0 N 4 1 28
TOP 28 -1.775748 0.1046456 0 N 112 0 29
TOP 29 -1.8072441 0.1046456 0 N 12 0 30
TOP 30 -1.8387401 0.1046456 0 N 11 0 31
TOP 31 -1.8702362 0.1046456 0 N 0 2 32
#
# CMP 1
CMP 2 -0.8 0.33 270 N  150141M173100 ;0=1,1=0.0748
TOP 0 -0.7721457 0.3910236 0 N 27 19 1
TOP 1 -0.8279528 0.3910236 0 N 1 0 2
TOP 2 -0.7721457 0.2689764 0 N 2 0 3
TOP 3 -0.8278543 0.2689764 0 N 3 0 4
#
# CMP 2
CMP 2 -0.95 0.41 0 N  Res1 ;0=1,1=0.0276
TOP 0 -0.914567 0.4100001 270 N 1 1 1
TOP 1 -0.9854331 0.4100001 270 N 6 0 2
#
# CMP 3
CMP 2 -0.95 0.25 0 N  Res1 ;0=1,1=0.0276
TOP 0 -0.914567 0.2500001 270 N 2 1 1
TOP 1 -0.9854331 0.2500001 270 N 9 0 2
#
# CMP 4
CMP 2 -0.95 0.33 0 N  Res1 ;0=1,1=0.0276
TOP 0 -0.914567 0.3300001 270 N 3 1 1
TOP 1 -0.9854331 0.3300001 270 N 5 0 2
#
# CMP 5
CMP 2 -1.8 0.75 90 N  HD74HC595FP ;0=1,1=0.0866
TOP 0 -1.975 0.8838582 180 N 87 0 1
TOP 1 -1.925 0.8838582 180 N 86 0 2
TOP 2 -1.875 0.8838582 180 N 85 0 3
TOP 3 -1.825 0.8838582 180 N 84 0 4
TOP 4 -1.775 0.8838582 180 N 83 0 5
TOP 5 -1.725 0.8838582 180 N 82 0 6
TOP 6 -1.675 0.8838582 180 N 81 0 7
TOP 7 -1.625 0.8838582 180 N 30 134 8
TOP 8 -1.625 0.6161417 180 N 100 1 9
TOP 9 -1.675 0.6161417 180 N 27 18 10
TOP 10 -1.725 0.6161417 180 N 29 4 11
TOP 11 -1.775 0.6161417 180 N 28 4 12
TOP 12 -1.825 0.6161417 180 N 30 139 13
TOP 13 -1.875 0.6161417 180 N 10 0 14
TOP 14 -1.925 0.6161417 180 N 88 0 15
TOP 15 -1.975 0.6161417 180 N 27 17 16
#
# CMP 6
CMP 2 -1.2 0.75 90 N  HD74HC595FP ;0=1,1=0.0866
TOP 0 -1.375 0.8838582 180 N 66 0 1
TOP 1 -1.325 0.8838582 180 N 67 0 2
TOP 2 -1.275 0.8838582 180 N 68 0 3
TOP 3 -1.225 0.8838582 180 N 69 0 4
TOP 4 -1.175 0.8838582 180 N 70 1 5
TOP 5 -1.125 0.8838582 180 N 71 1 6
TOP 6 -1.075 0.8838582 180 N 72 1 7
TOP 7 -1.025 0.8838582 180 N 30 132 8
TOP 8 -1.025 0.6161417 180 N 99 1 9
TOP 9 -1.075 0.6161417 180 N 27 14 10
TOP 10 -1.125 0.6161417 180 N 29 3 11
TOP 11 -1.175 0.6161417 180 N 28 3 12
TOP 12 -1.225 0.6161417 180 N 30 138 13
TOP 13 -1.275 0.6161417 180 N 100 0 14
TOP 14 -1.325 0.6161417 180 N 65 0 15
TOP 15 -1.375 0.6161417 180 N 27 13 16
#
# CMP 7
CMP 2 0 0.75 90 N  HD74HC595FP ;0=1,1=0.0866
TOP 0 -0.175 0.8838582 180 N 25 0 1
TOP 1 -0.125 0.8838582 180 N 24 0 2
TOP 2 -0.075 0.8838582 180 N 23 0 3
TOP 3 -0.025 0.8838582 180 N 13 1 4
TOP 4 0.025 0.8838582 180 N 14 0 5
TOP 5 0.075 0.8838582 180 N 16 0 6
TOP 6 0.125 0.8838582 180 N 15 1 7
TOP 7 0.175 0.8838582 180 N 30 116 8
TOP 8 0.175 0.6161417 180 N 98 1 9
TOP 9 0.125 0.6161417 180 N 27 9 10
TOP 10 0.075 0.6161417 180 N 29 2 11
TOP 11 0.025 0.6161417 180 N 28 2 12
TOP 12 -0.025 0.6161417 180 N 30 124 13
TOP 13 -0.075 0.6161417 180 N 99 0 14
TOP 14 -0.125 0.6161417 180 N 26 0 15
TOP 15 -0.175 0.6161417 180 N 27 10 16
#
# CMP 8
CMP 2 1.2 0.75 90 N  HD74HC595FP ;0=1,1=0.0866
TOP 0 1.025 0.8838582 180 N 74 0 1
TOP 1 1.075 0.8838582 180 N 75 1 2
TOP 2 1.125 0.8838582 180 N 76 1 3
TOP 3 1.175 0.8838582 180 N 77 1 4
TOP 4 1.225 0.8838582 180 N 78 1 5
TOP 5 1.275 0.8838582 180 N 79 1 6
TOP 6 1.325 0.8838582 180 N 80 1 7
TOP 7 1.375 0.8838582 180 N 30 114 8
TOP 8 1.375 0.6161417 180 N 97 1 9
TOP 9 1.325 0.6161417 180 N 27 5 10
TOP 10 1.275 0.6161417 180 N 29 1 11
TOP 11 1.225 0.6161417 180 N 28 1 12
TOP 12 1.175 0.6161417 180 N 30 123 13
TOP 13 1.125 0.6161417 180 N 98 0 14
TOP 14 1.075 0.6161417 180 N 73 0 15
TOP 15 1.025 0.6161417 180 N 27 8 16
#
# CMP 9
CMP 2 1.8 0.75 90 N  HD74HC595FP ;0=1,1=0.0866
TOP 0 1.625 0.8838582 180 N 90 1 1
TOP 1 1.675 0.8838582 180 N 91 1 2
TOP 2 1.725 0.8838582 180 N 92 1 3
TOP 3 1.775 0.8838582 180 N 93 1 4
TOP 4 1.825 0.8838582 180 N 94 1 5
TOP 5 1.875 0.8838582 180 N 95 1 6
TOP 6 1.925 0.8838582 180 N 96 1 7
TOP 7 1.975 0.8838582 180 N 30 111 8
TOP 8 1.975 0.6161417 180 N 0 1 9
TOP 9 1.925 0.6161417 180 N 27 4 10
TOP 10 1.875 0.6161417 180 N 29 0 11
TOP 11 1.825 0.6161417 180 N 28 0 12
TOP 12 1.775 0.6161417 180 N 30 122 13
TOP 13 1.725 0.6161417 180 N 97 0 14
TOP 14 1.675 0.6161417 180 N 89 1 15
TOP 15 1.625 0.6161417 180 N 27 6 16
#
# CMP 10
CMP 2 -1.3 0.09 0 N  Res1 ;0=1,1=0.0276
TOP 0 -1.264567 0.0900001 270 N 101 1 1
TOP 1 -1.3354331 0.0900001 270 N 7 0 2
#
# CMP 11
CMP 2 -1.37 0.01 0 N  Res1 ;0=1,1=0.0276
TOP 0 -1.334567 0.0100001 270 N 102 2 1
TOP 1 -1.4054331 0.0100001 270 N 4 0 2
#
# CMP 12
CMP 2 -1.41 0.16 90 N  Res1 ;0=1,1=0.0276
TOP 0 -1.4100001 0.195433 180 N 103 1 1
TOP 1 -1.4100001 0.1245669 180 N 8 0 2
#
# CMP 13
CMP 2 -2.02 0.47 0 N  Cap ;0=1,1=0.0276
TOP 0 -1.984567 0.4700001 270 N 27 24 1
TOP 1 -2.0554331 0.4700001 270 N 30 140 2
#
# CMP 14
CMP 2 0 0.33 90 N  NPN ;0=1,1=0.0433
TOP 0 0 0.2857086 180 N 17 3 1
TOP 1 0.0374015 0.3742913 180 N 30 128 2
TOP 2 -0.0374016 0.3742913 180 N 115 0 3
#
